0 0.462185 0.591094 0.924370 0.128419
2 0.152743 0.220683 0.305486 0.099881
27 0.144764 0.340651 0.286166 0.107253
23 0.236571 0.896766 0.469782 0.026159
3 0.820766 0.160041 0.165903 0.014269
34 0.852134 0.224250 0.225277 0.014269
4 0.527220 0.163608 0.244356 0.014269
30 0.187728 0.818305 0.368733 0.065636
19 0.133943 0.075855 0.254440 0.031391
6 0.558326 0.108911 0.283039 0.014269
7 0.132773 0.032105 0.255462 0.014269
18 0.582353 0.087990 0.331092 0.014269
21 0.854931 0.678471 0.254400 0.014269
8 0.694141 0.716521 0.195005 0.014269
9 0.398928 0.750053 0.397855 0.031391
24 0.139533 0.135070 0.268982 0.014269
11 0.924370 0.053508 0.151261 0.107015