0 0.512605 0.467432 0.890756 0.214031
15 0.222660 0.245526 0.310866 0.107253
3 0.490813 0.130314 0.238770 0.014269
34 0.788830 0.131503 0.223039 0.014269
4 0.184366 0.129125 0.237640 0.014269
5 0.289123 0.933168 0.450514 0.031391
30 0.244881 0.852787 0.358669 0.065636
19 0.722746 0.270861 0.289190 0.031391
7 0.795798 0.214031 0.132773 0.011891
21 0.698639 0.633287 0.234252 0.014269
13 0.707600 0.677282 0.248813 0.014269
25 0.242861 0.050935 0.341183 0.021403
8 0.668941 0.771218 0.174857 0.014269
11 0.924370 0.053508 0.151261 0.107015