0 0.462185 0.601796 0.924370 0.107015
2 0.188279 0.220683 0.376558 0.099881
27 0.145282 0.340651 0.287202 0.107253
23 0.236571 0.896766 0.469782 0.026159
3 0.855516 0.160041 0.235402 0.014269
34 0.852124 0.224250 0.225257 0.014269
4 0.522743 0.163608 0.235402 0.014269
30 0.187728 0.818305 0.368733 0.065636
19 0.133943 0.075855 0.254440 0.031391
6 0.558326 0.108911 0.283039 0.014269
7 0.132773 0.032105 0.255462 0.014269
18 0.582353 0.087990 0.331092 0.014269
21 0.839250 0.678471 0.223039 0.014269
8 0.678461 0.716521 0.163644 0.014269
9 0.378195 0.750053 0.356390 0.031391
24 0.139533 0.135070 0.268982 0.014269
11 0.924370 0.053508 0.151261 0.107015