0 0.475630 0.582771 0.907563 0.085612
2 0.182666 0.297972 0.308188 0.099881
23 0.281697 0.901522 0.506252 0.054697
3 0.592192 0.061349 0.172618 0.014269
4 0.620225 0.044702 0.228686 0.014269
19 0.215748 0.163846 0.381076 0.031391
6 0.353879 0.190956 0.314481 0.014269
7 0.120168 0.128419 0.189916 0.014269
18 0.163866 0.208086 0.277311 0.014269
21 0.732242 0.679660 0.254400 0.014269
8 0.702545 0.789054 0.195005 0.014269
9 0.189946 0.690600 0.322750 0.031391
24 0.157449 0.224250 0.271200 0.014269
11 0.092437 0.053508 0.151261 0.107015