0 0.468908 0.531641 0.840336 0.085612
2 0.635886 0.162419 0.350763 0.099881
23 0.668252 0.897955 0.506252 0.054697
3 0.268393 0.273001 0.170400 0.014269
14 0.643156 0.723655 0.264464 0.014269
34 0.634770 0.274190 0.220800 0.014269
4 0.699217 0.042324 0.228686 0.014269
5 0.254945 0.787865 0.338461 0.014269
19 0.172020 0.175736 0.330595 0.031391
21 0.638124 0.670148 0.254400 0.014269
13 0.645405 0.696307 0.268961 0.014269
25 0.159677 0.040233 0.124397 0.021403
11 0.075630 0.267539 0.151261 0.107015