0 0.489076 0.499537 0.907563 0.085612
2 0.184682 0.177877 0.302138 0.099881
3 0.745129 0.138638 0.169250 0.014269
4 0.781002 0.157663 0.244356 0.014269
5 0.169207 0.944821 0.264464 0.014269
30 0.243197 0.741016 0.405721 0.065636
19 0.495304 0.078233 0.362037 0.031391
6 0.542094 0.117234 0.274104 0.014269
21 0.664461 0.707009 0.223039 0.014269
13 0.679029 0.774785 0.248813 0.014269
25 0.624373 0.016452 0.341183 0.021403
8 0.636444 0.809268 0.163644 0.014269
9 0.230847 0.839232 0.374299 0.031391
31 0.643173 0.727223 0.180464 0.014269
11 0.126050 0.065398 0.151261 0.107015