0 0.442017 0.372307 0.867227 0.128419
23 0.268252 0.840880 0.506252 0.054697
3 0.718239 0.658257 0.169250 0.014269
34 0.745694 0.685605 0.220800 0.014269
4 0.751318 0.094642 0.258938 0.014269
5 0.156333 0.640421 0.282413 0.014269
30 0.212948 0.717234 0.399005 0.065636
19 0.184941 0.085368 0.349714 0.031391
21 0.760259 0.472764 0.223039 0.014269
25 0.718504 0.050935 0.193311 0.021403
8 0.790598 0.499415 0.283718 0.016647
9 0.684054 0.582395 0.383234 0.031391
11 0.731092 0.184304 0.151261 0.107015