0 0.477311 0.616064 0.907563 0.064209
2 0.175728 0.296783 0.304397 0.099881
3 0.623580 0.061349 0.242118 0.014269
34 0.614040 0.082752 0.223039 0.014269
4 0.626380 0.043513 0.244356 0.014269
5 0.197802 0.872288 0.338461 0.014269
30 0.218558 0.730314 0.383334 0.065636
19 0.172040 0.165035 0.290299 0.031391
6 0.348820 0.192145 0.297640 0.014269
7 0.085714 0.128419 0.114286 0.014269
18 0.126891 0.208086 0.206723 0.014269
21 0.710955 0.699874 0.211825 0.014269
8 0.740360 0.769332 0.270635 0.016647
9 0.169197 0.821396 0.284612 0.031391
26 0.678454 0.739113 0.146824 0.014269
11 0.109244 0.059453 0.151261 0.107015