0 0.468908 0.531641 0.840336 0.085612
2 0.598676 0.162419 0.276343 0.099881
23 0.650017 0.883686 0.469782 0.026159
3 0.300894 0.273001 0.235402 0.014269
14 0.648763 0.723655 0.275677 0.014269
34 0.631966 0.274190 0.215193 0.014269
4 0.699761 0.042324 0.229775 0.014269
5 0.310971 0.796426 0.450514 0.031391
19 0.172020 0.175736 0.330595 0.031391
21 0.622444 0.670148 0.223039 0.014269
13 0.635331 0.696307 0.248813 0.014269
25 0.268071 0.040233 0.341183 0.021403
11 0.075630 0.267539 0.151261 0.107015