0 0.477311 0.616064 0.907563 0.064209
2 0.182424 0.296783 0.317788 0.099881
3 0.587146 0.061349 0.169250 0.014269
34 0.612356 0.082752 0.219671 0.014269
4 0.621903 0.043513 0.235402 0.014269
5 0.169778 0.872288 0.282413 0.014269
30 0.219667 0.730314 0.385553 0.065636
19 0.172040 0.165035 0.290299 0.031391
6 0.348820 0.192145 0.297640 0.014269
7 0.085714 0.128419 0.114286 0.014269
18 0.126891 0.208086 0.206723 0.014269
21 0.726635 0.699874 0.243187 0.014269
8 0.758654 0.769332 0.307224 0.016647
9 0.169217 0.821396 0.284652 0.031391
26 0.678454 0.739113 0.146824 0.014269
11 0.109244 0.059453 0.151261 0.107015