0 0.477311 0.583960 0.907563 0.128419
2 0.193879 0.296783 0.340699 0.099881
3 0.587146 0.061349 0.169250 0.014269
34 0.614040 0.082752 0.223039 0.014269
4 0.619089 0.043513 0.229775 0.014269
5 0.253829 0.880849 0.450514 0.031391
30 0.219667 0.730314 0.385553 0.065636
19 0.172040 0.165035 0.290299 0.031391
6 0.348820 0.192145 0.297640 0.014269
7 0.085714 0.128419 0.114286 0.014269
18 0.126891 0.208086 0.206723 0.014269
21 0.737849 0.699874 0.265613 0.014269
8 0.771736 0.769332 0.333388 0.016647
9 0.254931 0.821396 0.456081 0.031391
26 0.689667 0.739113 0.169250 0.014269
11 0.109244 0.059453 0.151261 0.107015