0 0.462185 0.623199 0.924370 0.064209
2 0.163946 0.220683 0.327892 0.099881
27 0.170461 0.340651 0.337561 0.107253
23 0.254807 0.911035 0.506252 0.054697
3 0.823015 0.160041 0.170400 0.014269
34 0.850450 0.224250 0.221909 0.014269
4 0.515452 0.163608 0.220820 0.014269
30 0.195029 0.818305 0.383334 0.065636
19 0.133943 0.075855 0.254440 0.031391
6 0.558326 0.108911 0.283039 0.014269
7 0.132773 0.032105 0.255462 0.014269
18 0.582353 0.087990 0.331092 0.014269
21 0.854931 0.678471 0.254400 0.014269
8 0.694141 0.716521 0.195005 0.014269
9 0.387694 0.750053 0.375388 0.031391
24 0.139533 0.135070 0.268982 0.014269
11 0.924370 0.053508 0.151261 0.107015