0 0.499160 0.594661 0.924370 0.128419
2 0.216040 0.293215 0.361492 0.099881
3 0.166440 0.432336 0.235402 0.014269
34 0.769782 0.432336 0.215193 0.014269
29 0.184343 0.393097 0.264484 0.014269
4 0.821338 0.143394 0.244356 0.014269
19 0.192760 0.078233 0.318292 0.031391
7 0.155462 0.042806 0.243697 0.014269
21 0.810118 0.765273 0.265613 0.014269
25 0.596652 0.049746 0.124397 0.021403
8 0.790224 0.873969 0.333388 0.016647
24 0.159153 0.155284 0.254440 0.014269
31 0.764182 0.821158 0.180464 0.014269
11 0.924370 0.053508 0.151261 0.107015