0 0.473950 0.284317 0.907563 0.064209
15 0.511854 0.125431 0.270766 0.107253
23 0.244975 0.392604 0.469782 0.026159
3 0.802272 0.100588 0.169250 0.014269
14 0.722148 0.419256 0.264464 0.014269
34 0.830847 0.125558 0.223039 0.014269
5 0.216840 0.492026 0.416874 0.031391
30 0.206225 0.748150 0.399005 0.065636
19 0.161408 0.132930 0.306010 0.031391
6 0.449650 0.910338 0.327872 0.014269
7 0.087395 0.077883 0.157983 0.013080
21 0.713190 0.389529 0.243187 0.014269
13 0.724397 0.451361 0.268961 0.014269
25 0.714299 0.016452 0.124397 0.021403
8 0.681812 0.481087 0.183792 0.014269
9 0.688521 0.520564 0.261076 0.031391
11 0.731092 0.909631 0.151261 0.107015