0 0.477311 0.605363 0.907563 0.085612
2 0.194746 0.296783 0.342434 0.099881
3 0.586037 0.061349 0.167032 0.014269
34 0.610118 0.082752 0.215193 0.014269
4 0.640961 0.043513 0.273519 0.014269
5 0.237008 0.880849 0.416874 0.031391
30 0.214625 0.730314 0.375469 0.065636
19 0.172040 0.165035 0.290299 0.031391
6 0.348820 0.192145 0.297640 0.014269
7 0.085714 0.128419 0.114286 0.014269
18 0.126891 0.208086 0.206723 0.014269
21 0.732242 0.699874 0.254400 0.014269
8 0.765195 0.769332 0.320306 0.016647
9 0.221311 0.821396 0.388840 0.031391
26 0.684061 0.739113 0.158037 0.014269
11 0.109244 0.059453 0.151261 0.107015