0 0.468908 0.510238 0.840336 0.128419
2 0.593855 0.162419 0.266703 0.099881
23 0.650017 0.883686 0.469782 0.026159
3 0.266709 0.273001 0.167032 0.014269
14 0.643156 0.723655 0.264464 0.014269
34 0.637008 0.274190 0.225277 0.014269
4 0.718276 0.042324 0.266803 0.014269
5 0.226921 0.787865 0.282413 0.014269
19 0.172020 0.175736 0.330595 0.031391
21 0.622444 0.670148 0.223039 0.014269
13 0.635331 0.696307 0.248813 0.014269
25 0.159677 0.040233 0.124397 0.021403
11 0.075630 0.267539 0.151261 0.107015