0 0.499160 0.616064 0.924370 0.085612
2 0.199462 0.293215 0.328336 0.099881
3 0.166440 0.432336 0.235402 0.014269
34 0.773139 0.432336 0.221909 0.014269
29 0.184343 0.393097 0.264484 0.014269
4 0.816861 0.143394 0.235402 0.014269
19 0.192760 0.078233 0.318292 0.031391
7 0.155462 0.042806 0.243697 0.014269
21 0.788830 0.765273 0.223039 0.014269
25 0.631109 0.049746 0.193311 0.021403
8 0.765388 0.873969 0.283718 0.016647
24 0.159153 0.155284 0.254440 0.014269
31 0.764182 0.821158 0.180464 0.014269
11 0.924370 0.053508 0.151261 0.107015