0 0.475630 0.572069 0.907563 0.107015
2 0.187708 0.297972 0.318272 0.099881
23 0.263462 0.887254 0.469782 0.026159
3 0.589398 0.061349 0.167032 0.014269
4 0.623583 0.044702 0.235402 0.014269
19 0.215748 0.163846 0.381076 0.031391
6 0.353879 0.190956 0.314481 0.014269
7 0.120168 0.128419 0.189916 0.014269
18 0.163866 0.208086 0.277311 0.014269
21 0.732242 0.679660 0.254400 0.014269
8 0.702545 0.789054 0.195005 0.014269
9 0.209539 0.690600 0.361936 0.031391
24 0.157449 0.224250 0.271200 0.014269
11 0.092437 0.053508 0.151261 0.107015