0 0.470588 0.406790 0.867227 0.064209
2 0.695301 0.196902 0.338501 0.099881
23 0.291782 0.781427 0.506252 0.054697
3 0.141795 0.091075 0.236531 0.014269
14 0.703096 0.516759 0.253250 0.014269
34 0.136729 0.113667 0.223039 0.014269
4 0.126652 0.069672 0.199523 0.014269
5 0.206205 0.691551 0.338461 0.014269
30 0.233113 0.524607 0.385553 0.065636
19 0.220776 0.200707 0.317183 0.031391
7 0.148739 0.174792 0.173109 0.014269
21 0.703671 0.489410 0.254400 0.014269
13 0.710951 0.541729 0.268961 0.014269
25 0.089089 0.024776 0.124397 0.021403
8 0.673973 0.638043 0.195005 0.014269
9 0.721035 0.694167 0.389970 0.031391
11 0.924370 0.053508 0.151261 0.107015