0 0.470588 0.374685 0.867227 0.128419
2 0.665906 0.196902 0.279711 0.099881
23 0.273546 0.767158 0.469782 0.026159
3 0.143469 0.091075 0.239879 0.014269
14 0.714309 0.516759 0.275677 0.014269
34 0.137839 0.113667 0.225257 0.014269
4 0.160292 0.069672 0.266803 0.014269
5 0.262232 0.700112 0.450514 0.031391
30 0.228071 0.524607 0.375469 0.065636
19 0.220776 0.200707 0.317183 0.031391
7 0.148739 0.174792 0.173109 0.014269
21 0.709277 0.489410 0.265613 0.014269
13 0.716558 0.541729 0.280175 0.014269
25 0.089089 0.024776 0.124397 0.021403
8 0.679580 0.638043 0.206218 0.014269
9 0.740084 0.694167 0.428067 0.031391
11 0.924370 0.053508 0.151261 0.107015