0 0.473950 0.284317 0.907563 0.064209
15 0.538282 0.125431 0.323622 0.107253
23 0.263210 0.406873 0.506252 0.054697
3 0.837597 0.100588 0.239899 0.014269
14 0.716541 0.419256 0.253250 0.014269
34 0.826924 0.125558 0.215193 0.014269
5 0.149610 0.483465 0.282413 0.014269
30 0.181005 0.748150 0.348565 0.065636
19 0.161408 0.132930 0.306010 0.031391
6 0.449650 0.910338 0.327872 0.014269
7 0.087395 0.077883 0.157983 0.013080
21 0.703116 0.389529 0.223039 0.014269
13 0.708716 0.451361 0.237600 0.014269
25 0.714299 0.016452 0.124397 0.021403
8 0.671738 0.481087 0.163644 0.014269
9 0.734474 0.520564 0.352982 0.031391
11 0.731092 0.909631 0.151261 0.107015