0 0.468908 0.531641 0.840336 0.085612
2 0.620538 0.162419 0.320067 0.099881
23 0.650017 0.883686 0.469782 0.026159
3 0.300894 0.273001 0.235402 0.014269
14 0.643156 0.723655 0.264464 0.014269
34 0.635889 0.274190 0.223039 0.014269
4 0.721634 0.042324 0.273519 0.014269
5 0.310971 0.796426 0.450514 0.031391
19 0.172020 0.175736 0.330595 0.031391
21 0.628050 0.670148 0.234252 0.014269
13 0.635331 0.696307 0.248813 0.014269
25 0.159677 0.040233 0.124397 0.021403
11 0.075630 0.267539 0.151261 0.107015