0 0.470588 0.406790 0.867227 0.064209
2 0.694696 0.196902 0.337291 0.099881
23 0.291782 0.781427 0.506252 0.054697
3 0.141795 0.091075 0.236531 0.014269
14 0.708703 0.516759 0.264464 0.014269
34 0.132807 0.113667 0.215193 0.014269
4 0.160292 0.069672 0.266803 0.014269
5 0.178182 0.691551 0.282413 0.014269
30 0.228071 0.524607 0.375469 0.065636
19 0.220776 0.200707 0.317183 0.031391
7 0.148739 0.174792 0.173109 0.014269
21 0.698064 0.489410 0.243187 0.014269
13 0.710951 0.541729 0.268961 0.014269
25 0.197482 0.024776 0.341183 0.021403
8 0.668366 0.638043 0.183792 0.014269
9 0.659956 0.694167 0.267812 0.031391
11 0.924370 0.053508 0.151261 0.107015