0 0.470588 0.406790 0.867227 0.064209
2 0.692800 0.196902 0.333499 0.099881
23 0.273546 0.767158 0.469782 0.026159
3 0.142914 0.091075 0.238770 0.014269
14 0.708703 0.516759 0.264464 0.014269
34 0.135610 0.113667 0.220800 0.014269
4 0.160292 0.069672 0.266803 0.014269
5 0.169207 0.691551 0.264464 0.014269
30 0.243197 0.524607 0.405721 0.065636
19 0.220776 0.200707 0.317183 0.031391
7 0.148739 0.174792 0.173109 0.014269
21 0.687990 0.489410 0.223039 0.014269
13 0.700877 0.541729 0.248813 0.014269
25 0.089089 0.024776 0.124397 0.021403
8 0.658292 0.638043 0.163644 0.014269
9 0.713745 0.694167 0.375388 0.031391
11 0.924370 0.053508 0.151261 0.107015