0 0.433613 0.539965 0.840336 0.107015
23 0.266571 0.788561 0.506252 0.054697
3 0.495852 0.163608 0.235402 0.014269
14 0.620192 0.639232 0.275677 0.014269
34 0.489109 0.183822 0.215193 0.014269
4 0.493039 0.143394 0.229775 0.014269
5 0.307593 0.937686 0.282413 0.014269
6 0.628373 0.963846 0.255066 0.014269
21 0.601160 0.660635 0.234252 0.014269
13 0.606760 0.683227 0.248813 0.014269
25 0.220182 0.067582 0.124397 0.021403
8 0.569782 0.741491 0.174857 0.014269
11 0.075630 0.053508 0.151261 0.107015