0 0.442017 0.372307 0.867227 0.128419
23 0.250017 0.826611 0.469782 0.026159
3 0.717129 0.658257 0.167032 0.014269
34 0.745684 0.685605 0.220780 0.014269
4 0.732259 0.094642 0.220820 0.014269
5 0.147358 0.640421 0.264464 0.014269
30 0.197812 0.717234 0.368733 0.065636
19 0.184941 0.085368 0.349714 0.031391
21 0.781546 0.472764 0.265613 0.014269
25 0.684047 0.050935 0.124397 0.021403
8 0.815434 0.499415 0.333388 0.016647
9 0.705341 0.582395 0.425808 0.031391
11 0.731092 0.184304 0.151261 0.107015