0 0.477311 0.616064 0.907563 0.064209
2 0.172339 0.296783 0.297620 0.099881
3 0.587146 0.061349 0.169250 0.014269
34 0.614595 0.082752 0.224148 0.014269
4 0.618545 0.043513 0.228686 0.014269
5 0.160803 0.872288 0.264464 0.014269
30 0.229751 0.730314 0.405721 0.065636
19 0.172040 0.165035 0.290299 0.031391
6 0.348820 0.192145 0.297640 0.014269
7 0.085714 0.128419 0.114286 0.014269
18 0.126891 0.208086 0.206723 0.014269
21 0.710955 0.699874 0.211825 0.014269
8 0.740360 0.769332 0.270635 0.016647
9 0.173129 0.821396 0.292477 0.031391
26 0.678454 0.739113 0.146824 0.014269
11 0.109244 0.059453 0.151261 0.107015