0 0.478992 0.673139 0.924370 0.128419
2 0.733687 0.219494 0.351408 0.099881
3 0.634212 0.069672 0.165903 0.014269
14 0.789939 0.817591 0.275677 0.014269
34 0.663896 0.088697 0.221909 0.014269
29 0.535906 0.293215 0.295341 0.014269
5 0.184356 0.923418 0.338461 0.014269
30 0.189408 0.844464 0.348565 0.065636
17 0.619718 0.108070 0.133553 0.013080
19 0.202844 0.186438 0.308208 0.031391
6 0.186918 0.231384 0.283079 0.014269
18 0.182353 0.248514 0.273950 0.014269
21 0.784908 0.798566 0.265613 0.014269
13 0.792188 0.833049 0.280175 0.014269
25 0.647916 0.035477 0.193311 0.021403
8 0.755210 0.885368 0.206218 0.014269
9 0.214044 0.795237 0.397835 0.031391
24 0.178225 0.264678 0.265694 0.014269
11 0.075630 0.053508 0.151261 0.107015