0 0.445378 0.510238 0.867227 0.107015
2 0.177950 0.201658 0.261782 0.099881
3 0.824151 0.055403 0.239899 0.014269
4 0.803963 0.076806 0.199523 0.014269
5 0.245412 0.795237 0.416874 0.031391
17 0.769297 0.094991 0.133553 0.013080
19 0.588279 0.874904 0.275718 0.031391
6 0.660303 0.944821 0.271866 0.014269
7 0.096639 0.927467 0.126050 0.014269
21 0.412914 0.617829 0.254400 0.014269
13 0.425802 0.639232 0.280175 0.014269
8 0.445867 0.662317 0.320306 0.016647
9 0.468363 0.694167 0.361936 0.031391
11 0.596639 0.101070 0.151261 0.107015