0 0.477311 0.616064 0.907563 0.064209
2 0.207079 0.296783 0.367099 0.099881
3 0.586037 0.061349 0.167032 0.014269
34 0.615150 0.082752 0.225257 0.014269
4 0.614612 0.043513 0.220820 0.014269
5 0.253829 0.880849 0.450514 0.031391
30 0.214625 0.730314 0.375469 0.065636
19 0.172040 0.165035 0.290299 0.031391
6 0.348820 0.192145 0.297640 0.014269
7 0.085714 0.128419 0.114286 0.014269
18 0.126891 0.208086 0.206723 0.014269
21 0.716561 0.699874 0.223039 0.014269
8 0.746901 0.769332 0.283718 0.016647
9 0.208434 0.821396 0.363086 0.031391
26 0.684061 0.739113 0.158037 0.014269
11 0.109244 0.059453 0.151261 0.107015