0 0.512605 0.503104 0.890756 0.142687
15 0.232920 0.245526 0.331387 0.107253
3 0.491378 0.130314 0.239899 0.014269
34 0.787701 0.131503 0.220780 0.014269
4 0.165308 0.129125 0.199523 0.014269
5 0.205072 0.924607 0.282413 0.014269
30 0.244881 0.852787 0.358669 0.065636
19 0.722746 0.270861 0.289190 0.031391
7 0.795798 0.214031 0.132773 0.011891
21 0.708713 0.633287 0.254400 0.014269
13 0.717674 0.677282 0.268961 0.014269
25 0.242861 0.050935 0.341183 0.021403
8 0.679015 0.771218 0.195005 0.014269
11 0.924370 0.053508 0.151261 0.107015