0 0.468908 0.520940 0.840336 0.107015
2 0.616817 0.162419 0.312625 0.099881
23 0.668252 0.897955 0.506252 0.054697
3 0.268393 0.273001 0.170400 0.014269
14 0.648763 0.723655 0.275677 0.014269
34 0.634770 0.274190 0.220800 0.014269
4 0.695284 0.042324 0.220820 0.014269
5 0.294151 0.796426 0.416874 0.031391
19 0.172020 0.175736 0.330595 0.031391
21 0.622444 0.670148 0.223039 0.014269
13 0.635331 0.696307 0.248813 0.014269
25 0.268071 0.040233 0.341183 0.021403
11 0.075630 0.267539 0.151261 0.107015