0 0.468908 0.542343 0.840336 0.064209
2 0.616595 0.162419 0.312182 0.099881
23 0.650017 0.883686 0.469782 0.026159
3 0.268393 0.273001 0.170400 0.014269
14 0.643156 0.723655 0.264464 0.014269
34 0.637008 0.274190 0.225277 0.014269
4 0.680158 0.042324 0.190568 0.014269
5 0.254945 0.787865 0.338461 0.014269
19 0.172020 0.175736 0.330595 0.031391
21 0.638124 0.670148 0.254400 0.014269
13 0.645405 0.696307 0.268961 0.014269
25 0.194134 0.040233 0.193311 0.021403
11 0.075630 0.267539 0.151261 0.107015