0 0.442017 0.383009 0.867227 0.107015
23 0.268252 0.840880 0.506252 0.054697
3 0.752988 0.658257 0.238750 0.014269
34 0.746249 0.685605 0.221909 0.014269
4 0.751318 0.094642 0.258938 0.014269
5 0.240383 0.648982 0.450514 0.031391
30 0.212948 0.717234 0.399005 0.065636
19 0.184941 0.085368 0.349714 0.031391
21 0.760259 0.472764 0.223039 0.014269
25 0.792440 0.050935 0.341183 0.021403
8 0.790598 0.499415 0.283718 0.016647
9 0.676793 0.582395 0.368713 0.031391
11 0.731092 0.184304 0.151261 0.107015