0 0.433613 0.550666 0.840336 0.085612
23 0.248336 0.774293 0.469782 0.026159
3 0.462776 0.163608 0.169250 0.014269
14 0.614585 0.639232 0.264464 0.014269
34 0.494151 0.183822 0.225277 0.014269
4 0.493039 0.143394 0.229775 0.014269
5 0.298618 0.937686 0.264464 0.014269
6 0.628373 0.963846 0.255066 0.014269
21 0.611234 0.660635 0.254400 0.014269
13 0.622440 0.683227 0.280175 0.014269
25 0.254639 0.067582 0.193311 0.021403
8 0.579855 0.741491 0.195005 0.014269
11 0.075630 0.053508 0.151261 0.107015