0 0.467227 0.549477 0.924370 0.064209
3 0.706481 0.089886 0.165903 0.014269
14 0.601704 0.646366 0.275677 0.014269
34 0.735610 0.119613 0.220800 0.014269
4 0.752998 0.056592 0.258938 0.014269
19 0.290235 0.190005 0.284672 0.031391
7 0.325210 0.139120 0.344538 0.014269
21 0.751855 0.628531 0.223039 0.014269
13 0.589953 0.665391 0.248813 0.014269
25 0.794971 0.016452 0.124397 0.021403
8 0.549049 0.741491 0.163644 0.014269
27 0.689953 0.362054 0.240410 0.107253
33 0.774403 0.149483 0.298387 0.017836
11 0.210084 0.065398 0.151261 0.107015