0 0.512605 0.520940 0.890756 0.107015
15 0.206945 0.245526 0.279437 0.107253
3 0.456629 0.130314 0.170400 0.014269
34 0.787701 0.131503 0.220780 0.014269
4 0.179889 0.129125 0.228686 0.014269
5 0.196097 0.924607 0.264464 0.014269
30 0.244881 0.852787 0.358669 0.065636
19 0.722746 0.270861 0.289190 0.031391
7 0.795798 0.214031 0.132773 0.011891
21 0.703106 0.633287 0.243187 0.014269
13 0.717674 0.677282 0.268961 0.014269
25 0.168924 0.050935 0.193311 0.021403
8 0.673408 0.771218 0.183792 0.014269
11 0.924370 0.053508 0.151261 0.107015