0 0.462185 0.601796 0.924370 0.107015
2 0.158894 0.220683 0.317788 0.099881
27 0.173734 0.340651 0.344106 0.107253
23 0.254807 0.911035 0.506252 0.054697
3 0.822450 0.160041 0.169271 0.014269
34 0.850450 0.224250 0.221909 0.014269
4 0.527220 0.163608 0.244356 0.014269
30 0.212948 0.818305 0.419173 0.065636
19 0.133943 0.075855 0.254440 0.031391
6 0.558326 0.108911 0.283039 0.014269
7 0.132773 0.032105 0.255462 0.014269
18 0.582353 0.087990 0.331092 0.014269
21 0.839250 0.678471 0.223039 0.014269
8 0.678461 0.716521 0.163644 0.014269
9 0.396679 0.750053 0.393358 0.031391
24 0.139533 0.135070 0.268982 0.014269
11 0.924370 0.053508 0.151261 0.107015