0 0.442017 0.372307 0.867227 0.128419
23 0.268252 0.840880 0.506252 0.054697
3 0.752998 0.658257 0.238770 0.014269
34 0.747933 0.685605 0.225277 0.014269
4 0.744027 0.094642 0.244356 0.014269
5 0.240383 0.648982 0.450514 0.031391
30 0.206222 0.717234 0.385553 0.065636
19 0.184941 0.085368 0.349714 0.031391
21 0.765866 0.472764 0.234252 0.014269
25 0.792440 0.050935 0.341183 0.021403
8 0.797139 0.499415 0.296800 0.016647
9 0.693583 0.582395 0.402292 0.031391
11 0.731092 0.184304 0.151261 0.107015