0 0.489076 0.478133 0.907563 0.128419
2 0.174598 0.177877 0.281970 0.099881
3 0.745694 0.138638 0.170380 0.014269
4 0.758585 0.157663 0.199523 0.014269
5 0.245412 0.953382 0.416874 0.031391
30 0.233113 0.741016 0.385553 0.065636
19 0.495304 0.078233 0.362037 0.031391
6 0.542094 0.117234 0.274104 0.014269
21 0.680141 0.707009 0.254400 0.014269
13 0.694709 0.774785 0.280175 0.014269
25 0.515980 0.016452 0.124397 0.021403
8 0.652124 0.809268 0.195005 0.014269
9 0.232521 0.839232 0.377647 0.031391
31 0.643173 0.727223 0.180464 0.014269
11 0.126050 0.065398 0.151261 0.107015