0 0.462185 0.601796 0.924370 0.107015
2 0.137597 0.220683 0.275193 0.099881
27 0.169953 0.340651 0.336545 0.107253
23 0.236571 0.896766 0.469782 0.026159
3 0.856081 0.160041 0.236531 0.014269
34 0.852134 0.224250 0.225277 0.014269
4 0.541802 0.163608 0.273519 0.014269
30 0.184945 0.818305 0.363166 0.065636
19 0.133943 0.075855 0.254440 0.031391
6 0.558326 0.108911 0.283039 0.014269
7 0.132773 0.032105 0.255462 0.014269
18 0.582353 0.087990 0.331092 0.014269
21 0.854931 0.678471 0.254400 0.014269
8 0.694141 0.716521 0.195005 0.014269
9 0.392182 0.750053 0.384363 0.031391
24 0.139533 0.135070 0.268982 0.014269
11 0.924370 0.053508 0.151261 0.107015