0 0.433613 0.561368 0.840336 0.064209
23 0.266571 0.788561 0.506252 0.054697
3 0.463341 0.163608 0.170380 0.014269
14 0.614585 0.639232 0.264464 0.014269
34 0.491903 0.183822 0.220780 0.014269
4 0.500329 0.143394 0.244356 0.014269
5 0.307593 0.937686 0.282413 0.014269
6 0.628373 0.963846 0.255066 0.014269
21 0.605627 0.660635 0.243187 0.014269
13 0.616834 0.683227 0.268961 0.014269
25 0.220182 0.067582 0.124397 0.021403
8 0.574249 0.741491 0.183792 0.014269
11 0.075630 0.053508 0.151261 0.107015