0 0.489076 0.499537 0.907563 0.085612
2 0.196985 0.177877 0.326743 0.099881
3 0.780444 0.138638 0.239879 0.014269
4 0.781002 0.157663 0.244356 0.014269
5 0.206205 0.944821 0.338461 0.014269
30 0.214618 0.741016 0.348565 0.065636
19 0.495304 0.078233 0.362037 0.031391
6 0.542094 0.117234 0.274104 0.014269
21 0.674534 0.707009 0.243187 0.014269
13 0.689103 0.774785 0.268961 0.014269
25 0.624373 0.016452 0.341183 0.021403
8 0.646518 0.809268 0.183792 0.014269
9 0.193294 0.839232 0.299193 0.031391
31 0.637566 0.727223 0.169250 0.014269
11 0.126050 0.065398 0.151261 0.107015