0 0.485714 0.633900 0.907563 0.064209
15 0.149949 0.319248 0.276368 0.107253
3 0.569798 0.377639 0.242118 0.014269
14 0.657718 0.791432 0.253250 0.014269
34 0.560259 0.410932 0.223039 0.014269
4 0.585503 0.318186 0.266803 0.014269
19 0.191103 0.099636 0.351953 0.031391
6 0.497284 0.125558 0.288686 0.014269
18 0.521008 0.160523 0.336134 0.014269
21 0.635324 0.746248 0.211825 0.014269
13 0.648212 0.835427 0.237600 0.014269
25 0.092450 0.028343 0.124397 0.021403
8 0.605627 0.879422 0.152430 0.014269
11 0.924370 0.053508 0.151261 0.107015