0 0.467227 0.517372 0.924370 0.128419
3 0.706481 0.089886 0.165903 0.014269
14 0.601704 0.646366 0.275677 0.014269
34 0.735045 0.119613 0.219671 0.014269
4 0.756931 0.056592 0.266803 0.014269
19 0.290235 0.190005 0.284672 0.031391
7 0.325210 0.139120 0.344538 0.014269
21 0.773143 0.628531 0.265613 0.014269
13 0.605634 0.665391 0.280175 0.014269
25 0.794971 0.016452 0.124397 0.021403
8 0.570336 0.741491 0.206218 0.014269
27 0.703828 0.362054 0.268160 0.107253
33 0.801013 0.149483 0.351605 0.017836
11 0.210084 0.065398 0.151261 0.107015