0 0.442017 0.393710 0.867227 0.085612
23 0.250017 0.826611 0.469782 0.026159
3 0.751879 0.658257 0.236531 0.014269
34 0.746813 0.685605 0.223039 0.014269
4 0.740669 0.094642 0.237640 0.014269
5 0.223563 0.648982 0.416874 0.031391
30 0.211264 0.717234 0.395637 0.065636
19 0.184941 0.085368 0.349714 0.031391
21 0.760259 0.472764 0.223039 0.014269
25 0.684047 0.050935 0.124397 0.021403
8 0.790598 0.499415 0.283718 0.016647
9 0.670057 0.582395 0.355240 0.031391
11 0.731092 0.184304 0.151261 0.107015