0 0.485714 0.601796 0.907563 0.128419
15 0.153304 0.319248 0.283079 0.107253
3 0.533929 0.377639 0.170380 0.014269
14 0.663324 0.791432 0.264464 0.014269
34 0.556336 0.410932 0.215193 0.014269
4 0.566988 0.318186 0.229775 0.014269
19 0.191103 0.099636 0.351953 0.031391
6 0.497284 0.125558 0.288686 0.014269
18 0.521008 0.160523 0.336134 0.014269
21 0.662218 0.746248 0.265613 0.014269
13 0.669499 0.835427 0.280175 0.014269
25 0.200844 0.028343 0.341183 0.021403
8 0.632521 0.879422 0.206218 0.014269
11 0.924370 0.053508 0.151261 0.107015