0 0.489076 0.478133 0.907563 0.128419
2 0.200928 0.177877 0.334629 0.099881
3 0.775402 0.138638 0.229795 0.014269
4 0.788292 0.157663 0.258938 0.014269
5 0.178182 0.944821 0.282413 0.014269
30 0.228071 0.741016 0.375469 0.065636
19 0.495304 0.078233 0.362037 0.031391
6 0.542094 0.117234 0.274104 0.014269
21 0.664461 0.707009 0.223039 0.014269
13 0.679029 0.774785 0.248813 0.014269
25 0.550437 0.016452 0.193311 0.021403
8 0.636444 0.809268 0.163644 0.014269
9 0.237018 0.839232 0.386642 0.031391
31 0.643173 0.727223 0.180464 0.014269
11 0.126050 0.065398 0.151261 0.107015