0 0.473950 0.262913 0.907563 0.107015
15 0.544715 0.125431 0.336489 0.107253
23 0.244975 0.392604 0.469782 0.026159
3 0.837022 0.100588 0.238750 0.014269
14 0.722148 0.419256 0.264464 0.014269
34 0.831966 0.125558 0.225277 0.014269
5 0.149610 0.483465 0.282413 0.014269
30 0.191089 0.748150 0.368733 0.065636
19 0.161408 0.132930 0.306010 0.031391
6 0.449650 0.910338 0.327872 0.014269
7 0.087395 0.077883 0.157983 0.013080
21 0.724403 0.389529 0.265613 0.014269
13 0.730003 0.451361 0.280175 0.014269
25 0.714299 0.016452 0.124397 0.021403
8 0.693025 0.481087 0.206218 0.014269
9 0.786588 0.520564 0.457210 0.031391
11 0.731092 0.909631 0.151261 0.107015