0 0.467227 0.517372 0.924370 0.128419
3 0.741795 0.089886 0.236531 0.014269
14 0.601704 0.646366 0.275677 0.014269
34 0.736729 0.119613 0.223039 0.014269
4 0.745708 0.056592 0.244356 0.014269
19 0.290235 0.190005 0.284672 0.031391
7 0.325210 0.139120 0.344538 0.014269
21 0.773143 0.628531 0.265613 0.014269
13 0.605634 0.665391 0.280175 0.014269
25 0.829429 0.016452 0.193311 0.021403
8 0.570336 0.741491 0.206218 0.014269
27 0.729488 0.362054 0.319481 0.107253
33 0.801013 0.149483 0.351605 0.017836
11 0.210084 0.065398 0.151261 0.107015