0 0.442017 0.404412 0.867227 0.064209
23 0.250017 0.826611 0.469782 0.026159
3 0.717129 0.658257 0.167032 0.014269
34 0.747923 0.685605 0.225257 0.014269
4 0.739550 0.094642 0.235402 0.014269
5 0.147358 0.640421 0.264464 0.014269
30 0.223032 0.717234 0.419173 0.065636
19 0.184941 0.085368 0.349714 0.031391
21 0.775939 0.472764 0.254400 0.014269
25 0.684047 0.050935 0.124397 0.021403
8 0.808892 0.499415 0.320306 0.016647
9 0.679566 0.582395 0.374259 0.031391
11 0.731092 0.184304 0.151261 0.107015