0 0.442017 0.404412 0.867227 0.064209
23 0.268252 0.840880 0.506252 0.054697
3 0.718813 0.658257 0.170400 0.014269
34 0.746813 0.685605 0.223039 0.014269
4 0.732259 0.094642 0.220820 0.014269
5 0.184356 0.640421 0.338461 0.014269
30 0.197812 0.717234 0.368733 0.065636
19 0.184941 0.085368 0.349714 0.031391
21 0.775939 0.472764 0.254400 0.014269
25 0.792440 0.050935 0.341183 0.021403
8 0.808892 0.499415 0.320306 0.016647
9 0.663886 0.582395 0.342897 0.031391
11 0.731092 0.184304 0.151261 0.107015