0 0.485714 0.633900 0.907563 0.064209
15 0.144782 0.319248 0.266034 0.107253
3 0.533365 0.377639 0.169250 0.014269
14 0.663324 0.791432 0.264464 0.014269
34 0.561368 0.410932 0.225257 0.014269
4 0.588861 0.318186 0.273519 0.014269
19 0.191103 0.099636 0.351953 0.031391
6 0.497284 0.125558 0.288686 0.014269
18 0.521008 0.160523 0.336134 0.014269
21 0.656612 0.746248 0.254400 0.014269
13 0.669499 0.835427 0.280175 0.014269
25 0.200844 0.028343 0.341183 0.021403
8 0.626914 0.879422 0.195005 0.014269
11 0.924370 0.053508 0.151261 0.107015