0 0.442017 0.372307 0.867227 0.128419
23 0.250017 0.826611 0.469782 0.026159
3 0.753563 0.658257 0.239899 0.014269
34 0.746813 0.685605 0.223039 0.014269
4 0.744027 0.094642 0.244356 0.014269
5 0.156333 0.640421 0.282413 0.014269
30 0.212948 0.717234 0.399005 0.065636
19 0.184941 0.085368 0.349714 0.031391
21 0.765866 0.472764 0.234252 0.014269
25 0.684047 0.050935 0.124397 0.021403
8 0.797139 0.499415 0.296800 0.016647
9 0.713751 0.582395 0.442629 0.031391
11 0.731092 0.184304 0.151261 0.107015