0 0.433613 0.561368 0.840336 0.064209
23 0.248336 0.774293 0.469782 0.026159
3 0.461103 0.163608 0.165903 0.014269
14 0.614585 0.639232 0.264464 0.014269
34 0.492467 0.183822 0.221909 0.014269
4 0.493039 0.143394 0.229775 0.014269
5 0.391644 0.946248 0.450514 0.031391
6 0.628373 0.963846 0.255066 0.014269
21 0.611234 0.660635 0.254400 0.014269
13 0.622440 0.683227 0.280175 0.014269
25 0.254639 0.067582 0.193311 0.021403
8 0.579855 0.741491 0.195005 0.014269
11 0.075630 0.053508 0.151261 0.107015