0 0.473950 0.579204 0.924370 0.064209
2 0.710726 0.205225 0.305486 0.099881
3 0.551882 0.319375 0.239899 0.014269
34 0.542333 0.283703 0.220800 0.014269
29 0.834215 0.296783 0.249943 0.014269
4 0.565331 0.375261 0.273519 0.014269
19 0.159150 0.207841 0.311576 0.031391
7 0.112605 0.167658 0.215126 0.014269
21 0.809553 0.673715 0.254400 0.014269
13 0.820760 0.780730 0.280175 0.014269
25 0.098336 0.067582 0.193311 0.021403
8 0.779855 0.833049 0.195005 0.014269
9 0.196111 0.892740 0.388861 0.031391
24 0.133388 0.296783 0.263415 0.014269
11 0.428571 0.196195 0.151261 0.107015