0 0.467227 0.528074 0.924370 0.107015
3 0.703677 0.089886 0.160296 0.014269
14 0.601704 0.646366 0.275677 0.014269
34 0.736165 0.119613 0.221909 0.014269
4 0.737872 0.056592 0.228686 0.014269
19 0.290235 0.190005 0.284672 0.031391
7 0.325210 0.139120 0.344538 0.014269
21 0.767536 0.628531 0.254400 0.014269
13 0.605634 0.665391 0.280175 0.014269
25 0.829429 0.016452 0.193311 0.021403
8 0.564729 0.741491 0.195005 0.014269
27 0.709771 0.362054 0.280047 0.107253
33 0.794004 0.149483 0.337588 0.017836
11 0.210084 0.065398 0.151261 0.107015