0 0.445378 0.510238 0.867227 0.107015
2 0.202040 0.201658 0.309963 0.099881
3 0.789402 0.055403 0.170400 0.014269
4 0.818545 0.076806 0.228686 0.014269
5 0.178182 0.786676 0.282413 0.014269
17 0.769297 0.094991 0.133553 0.013080
19 0.588279 0.874904 0.275718 0.031391
6 0.660303 0.944821 0.271866 0.014269
7 0.096639 0.927467 0.126050 0.014269
21 0.397234 0.617829 0.223039 0.014269
13 0.410121 0.639232 0.248813 0.014269
8 0.427573 0.662317 0.283718 0.016647
9 0.477338 0.694167 0.379886 0.031391
11 0.596639 0.101070 0.151261 0.107015