0 0.489076 0.510238 0.907563 0.064209
2 0.204830 0.177877 0.342434 0.099881
3 0.775402 0.138638 0.229795 0.014269
4 0.795583 0.157663 0.273519 0.014269
5 0.262232 0.953382 0.450514 0.031391
30 0.214618 0.741016 0.348565 0.065636
19 0.495304 0.078233 0.362037 0.031391
6 0.542094 0.117234 0.274104 0.014269
21 0.664461 0.707009 0.223039 0.014269
13 0.673422 0.774785 0.237600 0.014269
25 0.624373 0.016452 0.341183 0.021403
8 0.636444 0.809268 0.163644 0.014269
9 0.218504 0.839232 0.349613 0.031391
31 0.637566 0.727223 0.169250 0.014269
11 0.126050 0.065398 0.151261 0.107015