0 0.470588 0.385387 0.867227 0.107015
2 0.697277 0.196902 0.342454 0.099881
23 0.273546 0.767158 0.469782 0.026159
3 0.108719 0.091075 0.170380 0.014269
14 0.708703 0.516759 0.264464 0.014269
34 0.136165 0.113667 0.221909 0.014269
4 0.141234 0.069672 0.228686 0.014269
5 0.169207 0.691551 0.264464 0.014269
30 0.232003 0.524607 0.383334 0.065636
19 0.220776 0.200707 0.317183 0.031391
7 0.148739 0.174792 0.173109 0.014269
21 0.703671 0.489410 0.254400 0.014269
13 0.716558 0.541729 0.280175 0.014269
25 0.123546 0.024776 0.193311 0.021403
8 0.673973 0.638043 0.195005 0.014269
9 0.705889 0.694167 0.359677 0.031391
11 0.924370 0.053508 0.151261 0.107015