0 0.442017 0.383009 0.867227 0.107015
23 0.250017 0.826611 0.469782 0.026159
3 0.753563 0.658257 0.239899 0.014269
34 0.747933 0.685605 0.225277 0.014269
4 0.736192 0.094642 0.228686 0.014269
5 0.240383 0.648982 0.450514 0.031391
30 0.197812 0.717234 0.368733 0.065636
19 0.184941 0.085368 0.349714 0.031391
21 0.781546 0.472764 0.265613 0.014269
25 0.718504 0.050935 0.193311 0.021403
8 0.815434 0.499415 0.333388 0.016647
9 0.719913 0.582395 0.454951 0.031391
11 0.731092 0.184304 0.151261 0.107015