0 0.433613 0.529263 0.840336 0.128419
23 0.248336 0.774293 0.469782 0.026159
3 0.463341 0.163608 0.170380 0.014269
14 0.620192 0.639232 0.275677 0.014269
34 0.494151 0.183822 0.225277 0.014269
4 0.514911 0.143394 0.273519 0.014269
5 0.335617 0.937686 0.338461 0.014269
6 0.628373 0.963846 0.255066 0.014269
21 0.595553 0.660635 0.223039 0.014269
13 0.606760 0.683227 0.248813 0.014269
25 0.220182 0.067582 0.124397 0.021403
8 0.564175 0.741491 0.163644 0.014269
11 0.075630 0.053508 0.151261 0.107015