0 0.442017 0.383009 0.867227 0.107015
23 0.268252 0.840880 0.506252 0.054697
3 0.716565 0.658257 0.165903 0.014269
34 0.747368 0.685605 0.224148 0.014269
4 0.740669 0.094642 0.237640 0.014269
5 0.156333 0.640421 0.282413 0.014269
30 0.216306 0.717234 0.405721 0.065636
19 0.184941 0.085368 0.349714 0.031391
21 0.775939 0.472764 0.254400 0.014269
25 0.792440 0.050935 0.341183 0.021403
8 0.808892 0.499415 0.320306 0.016647
9 0.667829 0.582395 0.350783 0.031391
11 0.731092 0.184304 0.151261 0.107015