0 0.468908 0.510238 0.840336 0.128419
2 0.618289 0.162419 0.315570 0.099881
23 0.668252 0.897955 0.506252 0.054697
3 0.268383 0.273001 0.170380 0.014269
14 0.648763 0.723655 0.275677 0.014269
34 0.635889 0.274190 0.223039 0.014269
4 0.680158 0.042324 0.190568 0.014269
5 0.310971 0.796426 0.450514 0.031391
19 0.172020 0.175736 0.330595 0.031391
21 0.628050 0.670148 0.234252 0.014269
13 0.635331 0.696307 0.248813 0.014269
25 0.194134 0.040233 0.193311 0.021403
11 0.075630 0.267539 0.151261 0.107015