0 0.470588 0.385387 0.867227 0.107015
2 0.699516 0.196902 0.346931 0.099881
23 0.291782 0.781427 0.506252 0.054697
3 0.141795 0.091075 0.236531 0.014269
14 0.708703 0.516759 0.264464 0.014269
34 0.137839 0.113667 0.225257 0.014269
4 0.149069 0.069672 0.244356 0.014269
5 0.206205 0.691551 0.338461 0.014269
30 0.221919 0.524607 0.363166 0.065636
19 0.220776 0.200707 0.317183 0.031391
7 0.148739 0.174792 0.173109 0.014269
21 0.687990 0.489410 0.223039 0.014269
13 0.700877 0.541729 0.248813 0.014269
25 0.123546 0.024776 0.193311 0.021403
8 0.658292 0.638043 0.163644 0.014269
9 0.720471 0.694167 0.388840 0.031391
11 0.924370 0.053508 0.151261 0.107015