0 0.470588 0.385387 0.867227 0.107015
2 0.689654 0.196902 0.327207 0.099881
23 0.291782 0.781427 0.506252 0.054697
3 0.143479 0.091075 0.239899 0.014269
14 0.714309 0.516759 0.275677 0.014269
34 0.136165 0.113667 0.221909 0.014269
4 0.122175 0.069672 0.190568 0.014269
5 0.169207 0.691551 0.264464 0.014269
30 0.214618 0.524607 0.348565 0.065636
19 0.220776 0.200707 0.317183 0.031391
7 0.148739 0.174792 0.173109 0.014269
21 0.687990 0.489410 0.223039 0.014269
13 0.700877 0.541729 0.248813 0.014269
25 0.197482 0.024776 0.341183 0.021403
8 0.658292 0.638043 0.163644 0.014269
9 0.719371 0.694167 0.386642 0.031391
11 0.924370 0.053508 0.151261 0.107015