0 0.470588 0.385387 0.867227 0.107015
2 0.663314 0.196902 0.274528 0.099881
23 0.291782 0.781427 0.506252 0.054697
3 0.106481 0.091075 0.165903 0.014269
14 0.708703 0.516759 0.264464 0.014269
34 0.136165 0.113667 0.221909 0.014269
4 0.126652 0.069672 0.199523 0.014269
5 0.245412 0.700112 0.416874 0.031391
30 0.243197 0.524607 0.405721 0.065636
19 0.220776 0.200707 0.317183 0.031391
7 0.148739 0.174792 0.173109 0.014269
21 0.703671 0.489410 0.254400 0.014269
13 0.710951 0.541729 0.268961 0.014269
25 0.089089 0.024776 0.124397 0.021403
8 0.673973 0.638043 0.195005 0.014269
9 0.715429 0.694167 0.378756 0.031391
11 0.924370 0.053508 0.151261 0.107015