0 0.489076 0.510238 0.907563 0.064209
2 0.181869 0.177877 0.296511 0.099881
3 0.778770 0.138638 0.236531 0.014269
4 0.773711 0.157663 0.229775 0.014269
5 0.245412 0.953382 0.416874 0.031391
30 0.249923 0.741016 0.419173 0.065636
19 0.495304 0.078233 0.362037 0.031391
6 0.542094 0.117234 0.274104 0.014269
21 0.674534 0.707009 0.243187 0.014269
13 0.689103 0.774785 0.268961 0.014269
25 0.515980 0.016452 0.124397 0.021403
8 0.646518 0.809268 0.183792 0.014269
9 0.188252 0.839232 0.289109 0.031391
31 0.637566 0.727223 0.169250 0.014269
11 0.126050 0.065398 0.151261 0.107015