0 0.473950 0.557800 0.924370 0.107015
2 0.707933 0.205225 0.299899 0.099881
3 0.550198 0.319375 0.236531 0.014269
34 0.543452 0.283703 0.223039 0.014269
29 0.834215 0.296783 0.249943 0.014269
4 0.546272 0.375261 0.235402 0.014269
19 0.159150 0.207841 0.311576 0.031391
7 0.112605 0.167658 0.215126 0.014269
21 0.793872 0.673715 0.223039 0.014269
13 0.805079 0.780730 0.248813 0.014269
25 0.172272 0.067582 0.341183 0.021403
8 0.764175 0.833049 0.163644 0.014269
9 0.181519 0.892740 0.359677 0.031391
24 0.133388 0.296783 0.263415 0.014269
11 0.428571 0.196195 0.151261 0.107015