0 0.467227 0.517372 0.924370 0.128419
3 0.703677 0.089886 0.160296 0.014269
14 0.601704 0.646366 0.275677 0.014269
34 0.735610 0.119613 0.220800 0.014269
4 0.741230 0.056592 0.235402 0.014269
19 0.290235 0.190005 0.284672 0.031391
7 0.325210 0.139120 0.344538 0.014269
21 0.757462 0.628531 0.234252 0.014269
13 0.589953 0.665391 0.248813 0.014269
25 0.903365 0.016452 0.341183 0.021403
8 0.554655 0.741491 0.174857 0.014269
27 0.701766 0.362054 0.264037 0.107253
33 0.787714 0.149483 0.325008 0.017836
11 0.210084 0.065398 0.151261 0.107015