0 0.442017 0.383009 0.867227 0.107015
23 0.268252 0.840880 0.506252 0.054697
3 0.718813 0.658257 0.170400 0.014269
34 0.745694 0.685605 0.220800 0.014269
4 0.740669 0.094642 0.237640 0.014269
5 0.223563 0.648982 0.416874 0.031391
30 0.223032 0.717234 0.419173 0.065636
19 0.184941 0.085368 0.349714 0.031391
21 0.760259 0.472764 0.223039 0.014269
25 0.684047 0.050935 0.124397 0.021403
8 0.790598 0.499415 0.283718 0.016647
9 0.671741 0.582395 0.358608 0.031391
11 0.731092 0.184304 0.151261 0.107015