0 0.468908 0.542343 0.840336 0.064209
2 0.628071 0.162419 0.335133 0.099881
23 0.668252 0.897955 0.506252 0.054697
3 0.269503 0.273001 0.172618 0.014269
14 0.643156 0.723655 0.264464 0.014269
34 0.634760 0.274190 0.220780 0.014269
4 0.684635 0.042324 0.199523 0.014269
5 0.217946 0.787865 0.264464 0.014269
19 0.172020 0.175736 0.330595 0.031391
21 0.632518 0.670148 0.243187 0.014269
13 0.645405 0.696307 0.268961 0.014269
25 0.194134 0.040233 0.193311 0.021403
11 0.075630 0.267539 0.151261 0.107015