0 0.475630 0.593472 0.907563 0.064209
2 0.187748 0.297972 0.318353 0.099881
23 0.263462 0.887254 0.469782 0.026159
3 0.589398 0.061349 0.167032 0.014269
4 0.635351 0.044702 0.258938 0.014269
19 0.215748 0.163846 0.381076 0.031391
6 0.353879 0.190956 0.314481 0.014269
7 0.120168 0.128419 0.189916 0.014269
18 0.163866 0.208086 0.277311 0.014269
21 0.710955 0.679660 0.211825 0.014269
8 0.681257 0.789054 0.152430 0.014269
9 0.175375 0.690600 0.293607 0.031391
24 0.157449 0.224250 0.271200 0.014269
11 0.092437 0.053508 0.151261 0.107015