0 0.489076 0.499537 0.907563 0.085612
2 0.203731 0.177877 0.340235 0.099881
3 0.778770 0.138638 0.236531 0.014269
4 0.788292 0.157663 0.258938 0.014269
5 0.178182 0.944821 0.282413 0.014269
30 0.228071 0.741016 0.375469 0.065636
19 0.495304 0.078233 0.362037 0.031391
6 0.542094 0.117234 0.274104 0.014269
21 0.680141 0.707009 0.254400 0.014269
13 0.694709 0.774785 0.280175 0.014269
25 0.624373 0.016452 0.341183 0.021403
8 0.652124 0.809268 0.195005 0.014269
9 0.230262 0.839232 0.373129 0.031391
31 0.637566 0.727223 0.169250 0.014269
11 0.126050 0.065398 0.151261 0.107015