0 0.478992 0.683841 0.924370 0.107015
2 0.739536 0.219494 0.363106 0.099881
3 0.666158 0.069672 0.229795 0.014269
14 0.789939 0.817591 0.275677 0.014269
34 0.663896 0.088697 0.221909 0.014269
29 0.535906 0.293215 0.295341 0.014269
5 0.184356 0.923418 0.338461 0.014269
30 0.207903 0.844464 0.385553 0.065636
17 0.619718 0.108070 0.133553 0.013080
19 0.202844 0.186438 0.308208 0.031391
6 0.186918 0.231384 0.283079 0.014269
18 0.182353 0.248514 0.273950 0.014269
21 0.779301 0.798566 0.254400 0.014269
13 0.792188 0.833049 0.280175 0.014269
25 0.613459 0.035477 0.124397 0.021403
8 0.749603 0.885368 0.195005 0.014269
9 0.202266 0.795237 0.374279 0.031391
24 0.178225 0.264678 0.265694 0.014269
11 0.075630 0.053508 0.151261 0.107015