0 0.462185 0.591094 0.924370 0.128419
2 0.180192 0.220683 0.360383 0.099881
27 0.133681 0.340651 0.264000 0.107253
23 0.236571 0.896766 0.469782 0.026159
3 0.852713 0.160041 0.229795 0.014269
34 0.849896 0.224250 0.220800 0.014269
4 0.504803 0.163608 0.199523 0.014269
30 0.184945 0.818305 0.363166 0.065636
19 0.133943 0.075855 0.254440 0.031391
6 0.558326 0.108911 0.283039 0.014269
7 0.132773 0.032105 0.255462 0.014269
18 0.582353 0.087990 0.331092 0.014269
21 0.839250 0.678471 0.223039 0.014269
8 0.678461 0.716521 0.163644 0.014269
9 0.347913 0.750053 0.295825 0.031391
24 0.139533 0.135070 0.268982 0.014269
11 0.924370 0.053508 0.151261 0.107015