0 0.485714 0.633900 0.907563 0.064209
15 0.174897 0.319248 0.326266 0.107253
3 0.568689 0.377639 0.239899 0.014269
14 0.663324 0.791432 0.264464 0.014269
34 0.559694 0.410932 0.221909 0.014269
4 0.562511 0.318186 0.220820 0.014269
19 0.191103 0.099636 0.351953 0.031391
6 0.497284 0.125558 0.288686 0.014269
18 0.521008 0.160523 0.336134 0.014269
21 0.651005 0.746248 0.243187 0.014269
13 0.663892 0.835427 0.268961 0.014269
25 0.092450 0.028343 0.124397 0.021403
8 0.621308 0.879422 0.183792 0.014269
11 0.924370 0.053508 0.151261 0.107015