0 0.489076 0.478133 0.907563 0.128419
2 0.198346 0.177877 0.329466 0.099881
3 0.740652 0.138638 0.160296 0.014269
4 0.781002 0.157663 0.244356 0.014269
5 0.262232 0.953382 0.450514 0.031391
30 0.228071 0.741016 0.375469 0.065636
19 0.495304 0.078233 0.362037 0.031391
6 0.542094 0.117234 0.274104 0.014269
21 0.685748 0.707009 0.265613 0.014269
13 0.694709 0.774785 0.280175 0.014269
25 0.624373 0.016452 0.341183 0.021403
8 0.657731 0.809268 0.206218 0.014269
9 0.271738 0.839232 0.456081 0.031391
31 0.643173 0.727223 0.180464 0.014269
11 0.126050 0.065398 0.151261 0.107015