0 0.477311 0.616064 0.907563 0.064209
2 0.204840 0.296783 0.362622 0.099881
3 0.622461 0.061349 0.239879 0.014269
34 0.613476 0.082752 0.221909 0.014269
4 0.640961 0.043513 0.273519 0.014269
5 0.169778 0.872288 0.282413 0.014269
30 0.218558 0.730314 0.383334 0.065636
19 0.172040 0.165035 0.290299 0.031391
6 0.348820 0.192145 0.297640 0.014269
7 0.085714 0.128419 0.114286 0.014269
18 0.126891 0.208086 0.206723 0.014269
21 0.721029 0.699874 0.231973 0.014269
8 0.752113 0.769332 0.294141 0.016647
9 0.139519 0.821396 0.225257 0.031391
26 0.678454 0.739113 0.146824 0.014269
11 0.109244 0.059453 0.151261 0.107015