0 0.512605 0.520940 0.890756 0.107015
15 0.232097 0.245526 0.329741 0.107253
3 0.456618 0.130314 0.170380 0.014269
34 0.789950 0.131503 0.225277 0.014269
4 0.160830 0.129125 0.190568 0.014269
5 0.272303 0.933168 0.416874 0.031391
30 0.244881 0.852787 0.358669 0.065636
19 0.722746 0.270861 0.289190 0.031391
7 0.795798 0.214031 0.132773 0.011891
21 0.693032 0.633287 0.223039 0.014269
13 0.707600 0.677282 0.248813 0.014269
25 0.168924 0.050935 0.193311 0.021403
8 0.663334 0.771218 0.163644 0.014269
11 0.924370 0.053508 0.151261 0.107015