0 0.478992 0.694542 0.924370 0.085612
2 0.693634 0.219494 0.271301 0.099881
3 0.636461 0.069672 0.170400 0.014269
14 0.784333 0.817591 0.264464 0.014269
34 0.663896 0.088697 0.221909 0.014269
29 0.535906 0.293215 0.295341 0.014269
5 0.156333 0.923418 0.282413 0.014269
30 0.206793 0.844464 0.383334 0.065636
17 0.619718 0.108070 0.133553 0.013080
19 0.202844 0.186438 0.308208 0.031391
6 0.186918 0.231384 0.283079 0.014269
18 0.182353 0.248514 0.273950 0.014269
21 0.773694 0.798566 0.243187 0.014269
13 0.786582 0.833049 0.268961 0.014269
25 0.613459 0.035477 0.124397 0.021403
8 0.743997 0.885368 0.183792 0.014269
9 0.164723 0.795237 0.299193 0.031391
24 0.178225 0.264678 0.265694 0.014269
11 0.075630 0.053508 0.151261 0.107015