0 0.473950 0.262913 0.907563 0.107015
15 0.505892 0.125431 0.258842 0.107253
23 0.244975 0.392604 0.469782 0.026159
3 0.800598 0.100588 0.165903 0.014269
14 0.727755 0.419256 0.275677 0.014269
34 0.830282 0.125558 0.221909 0.014269
5 0.216840 0.492026 0.416874 0.031391
30 0.181005 0.748150 0.348565 0.065636
19 0.161408 0.132930 0.306010 0.031391
6 0.449650 0.910338 0.327872 0.014269
7 0.087395 0.077883 0.157983 0.013080
21 0.703116 0.389529 0.223039 0.014269
13 0.714323 0.451361 0.248813 0.014269
25 0.714299 0.016452 0.124397 0.021403
8 0.671738 0.481087 0.163644 0.014269
9 0.749035 0.520564 0.382104 0.031391
11 0.731092 0.909631 0.151261 0.107015