0 0.433613 0.550666 0.840336 0.085612
23 0.248336 0.774293 0.469782 0.026159
3 0.461667 0.163608 0.167032 0.014269
14 0.614585 0.639232 0.264464 0.014269
34 0.489109 0.183822 0.215193 0.014269
4 0.488561 0.143394 0.220820 0.014269
5 0.335617 0.937686 0.338461 0.014269
6 0.628373 0.963846 0.255066 0.014269
21 0.611234 0.660635 0.254400 0.014269
13 0.616834 0.683227 0.268961 0.014269
25 0.220182 0.067582 0.124397 0.021403
8 0.579855 0.741491 0.195005 0.014269
11 0.075630 0.053508 0.151261 0.107015