0 0.470588 0.374685 0.867227 0.128419
2 0.684067 0.196902 0.316034 0.099881
23 0.291782 0.781427 0.506252 0.054697
3 0.103677 0.091075 0.160296 0.014269
14 0.714309 0.516759 0.275677 0.014269
34 0.136729 0.113667 0.223039 0.014269
4 0.156360 0.069672 0.258938 0.014269
5 0.169207 0.691551 0.264464 0.014269
30 0.238155 0.524607 0.395637 0.065636
19 0.220776 0.200707 0.317183 0.031391
7 0.148739 0.174792 0.173109 0.014269
21 0.709277 0.489410 0.265613 0.014269
13 0.716558 0.541729 0.280175 0.014269
25 0.197482 0.024776 0.341183 0.021403
8 0.679580 0.638043 0.206218 0.014269
9 0.760817 0.694167 0.469533 0.031391
11 0.924370 0.053508 0.151261 0.107015