0 0.467227 0.549477 0.924370 0.064209
3 0.744588 0.089886 0.242118 0.014269
14 0.596097 0.646366 0.264464 0.014269
34 0.736165 0.119613 0.221909 0.014269
4 0.738417 0.056592 0.229775 0.014269
19 0.290235 0.190005 0.284672 0.031391
7 0.325210 0.139120 0.344538 0.014269
21 0.761929 0.628531 0.243187 0.014269
13 0.600027 0.665391 0.268961 0.014269
25 0.903365 0.016452 0.341183 0.021403
8 0.559123 0.741491 0.183792 0.014269
27 0.712554 0.362054 0.285612 0.107253
33 0.786996 0.149483 0.323571 0.017836
11 0.210084 0.065398 0.151261 0.107015