0 0.489076 0.478133 0.907563 0.128419
2 0.195886 0.177877 0.324545 0.099881
3 0.781563 0.138638 0.242118 0.014269
4 0.758585 0.157663 0.199523 0.014269
5 0.169207 0.944821 0.264464 0.014269
30 0.249923 0.741016 0.419173 0.065636
19 0.495304 0.078233 0.362037 0.031391
6 0.542094 0.117234 0.274104 0.014269
21 0.680141 0.707009 0.254400 0.014269
13 0.694709 0.774785 0.280175 0.014269
25 0.550437 0.016452 0.193311 0.021403
8 0.652124 0.809268 0.195005 0.014269
9 0.233630 0.839232 0.379866 0.031391
31 0.643173 0.727223 0.180464 0.014269
11 0.126050 0.065398 0.151261 0.107015