0 0.468908 0.520940 0.840336 0.107015
2 0.600350 0.162419 0.279691 0.099881
23 0.650017 0.883686 0.469782 0.026159
3 0.268383 0.273001 0.170380 0.014269
14 0.643156 0.723655 0.264464 0.014269
34 0.631966 0.274190 0.215193 0.014269
4 0.699217 0.042324 0.228686 0.014269
5 0.254945 0.787865 0.338461 0.014269
19 0.172020 0.175736 0.330595 0.031391
21 0.622444 0.670148 0.223039 0.014269
13 0.635331 0.696307 0.248813 0.014269
25 0.268071 0.040233 0.341183 0.021403
11 0.075630 0.267539 0.151261 0.107015