0 0.470588 0.374685 0.867227 0.128419
2 0.669839 0.196902 0.287576 0.099881
23 0.291782 0.781427 0.506252 0.054697
3 0.141230 0.091075 0.235402 0.014269
14 0.714309 0.516759 0.275677 0.014269
34 0.136729 0.113667 0.223039 0.014269
4 0.122175 0.069672 0.190568 0.014269
5 0.245412 0.700112 0.416874 0.031391
30 0.249923 0.524607 0.419173 0.065636
19 0.220776 0.200707 0.317183 0.031391
7 0.148739 0.174792 0.173109 0.014269
21 0.687990 0.489410 0.223039 0.014269
13 0.700877 0.541729 0.248813 0.014269
25 0.089089 0.024776 0.124397 0.021403
8 0.658292 0.638043 0.163644 0.014269
9 0.716548 0.694167 0.380995 0.031391
11 0.924370 0.053508 0.151261 0.107015