0 0.433613 0.529263 0.840336 0.128419
23 0.248336 0.774293 0.469782 0.026159
3 0.461667 0.163608 0.167032 0.014269
14 0.620192 0.639232 0.275677 0.014269
34 0.492467 0.183822 0.221909 0.014269
4 0.496971 0.143394 0.237640 0.014269
5 0.307593 0.937686 0.282413 0.014269
6 0.628373 0.963846 0.255066 0.014269
21 0.601160 0.660635 0.234252 0.014269
13 0.606760 0.683227 0.248813 0.014269
25 0.254639 0.067582 0.193311 0.021403
8 0.569782 0.741491 0.174857 0.014269
11 0.075630 0.053508 0.151261 0.107015