0 0.433613 0.561368 0.840336 0.064209
23 0.248336 0.774293 0.469782 0.026159
3 0.497526 0.163608 0.238750 0.014269
14 0.608978 0.639232 0.253250 0.014269
34 0.492467 0.183822 0.221909 0.014269
4 0.514911 0.143394 0.273519 0.014269
5 0.298618 0.937686 0.264464 0.014269
6 0.628373 0.963846 0.255066 0.014269
21 0.589946 0.660635 0.211825 0.014269
13 0.601153 0.683227 0.237600 0.014269
25 0.254639 0.067582 0.193311 0.021403
8 0.558568 0.741491 0.152430 0.014269
11 0.075630 0.053508 0.151261 0.107015