0 0.473950 0.273615 0.907563 0.085612
15 0.546980 0.125431 0.341018 0.107253
23 0.263210 0.406873 0.506252 0.054697
3 0.802837 0.100588 0.170380 0.014269
14 0.722148 0.419256 0.264464 0.014269
34 0.831966 0.125558 0.225277 0.014269
5 0.216840 0.492026 0.416874 0.031391
30 0.198390 0.748150 0.383334 0.065636
19 0.161408 0.132930 0.306010 0.031391
6 0.449650 0.910338 0.327872 0.014269
7 0.087395 0.077883 0.157983 0.013080
21 0.697509 0.389529 0.211825 0.014269
13 0.708716 0.451361 0.237600 0.014269
25 0.714299 0.016452 0.124397 0.021403
8 0.666131 0.481087 0.152430 0.014269
9 0.696921 0.520564 0.277876 0.031391
11 0.731092 0.909631 0.151261 0.107015