0 0.465546 0.474566 0.840336 0.128419
2 0.688524 0.118424 0.314864 0.099881
3 0.146813 0.253976 0.172618 0.014269
34 0.617402 0.234951 0.223039 0.014269
4 0.179324 0.232573 0.237640 0.014269
19 0.239849 0.142443 0.358689 0.031391
6 0.207079 0.168364 0.296511 0.014269
7 0.113445 0.114150 0.105882 0.014269
21 0.654376 0.654690 0.223039 0.014269
8 0.626360 0.936497 0.163644 0.014269
28 0.617950 0.888935 0.146824 0.014269
32 0.631408 0.843751 0.180464 0.014269
31 0.631408 0.792621 0.180464 0.014269
20 0.631408 0.748626 0.180464 0.014269
22 0.620195 0.702252 0.158037 0.014269
11 0.109244 0.053508 0.151261 0.107015