0 0.470588 0.406790 0.867227 0.064209
2 0.713745 0.196902 0.375388 0.099881
23 0.291782 0.781427 0.506252 0.054697
3 0.143479 0.091075 0.239899 0.014269
14 0.703096 0.516759 0.253250 0.014269
34 0.135610 0.113667 0.220800 0.014269
4 0.137301 0.069672 0.220820 0.014269
5 0.169207 0.691551 0.264464 0.014269
30 0.233113 0.524607 0.385553 0.065636
19 0.220776 0.200707 0.317183 0.031391
7 0.148739 0.174792 0.173109 0.014269
21 0.703671 0.489410 0.254400 0.014269
13 0.716558 0.541729 0.280175 0.014269
25 0.123546 0.024776 0.193311 0.021403
8 0.673973 0.638043 0.195005 0.014269
9 0.707029 0.694167 0.361956 0.031391
11 0.924370 0.053508 0.151261 0.107015