0 0.489076 0.488835 0.907563 0.107015
2 0.187466 0.177877 0.307704 0.099881
3 0.780454 0.138638 0.239899 0.014269
4 0.777644 0.157663 0.237640 0.014269
5 0.262232 0.953382 0.450514 0.031391
30 0.232003 0.741016 0.383334 0.065636
19 0.495304 0.078233 0.362037 0.031391
6 0.542094 0.117234 0.274104 0.014269
21 0.680141 0.707009 0.254400 0.014269
13 0.694709 0.774785 0.280175 0.014269
25 0.550437 0.016452 0.193311 0.021403
8 0.652124 0.809268 0.195005 0.014269
9 0.228054 0.839232 0.368713 0.031391
31 0.643173 0.727223 0.180464 0.014269
11 0.126050 0.065398 0.151261 0.107015