0 0.468908 0.531641 0.840336 0.085612
2 0.604827 0.162419 0.288645 0.099881
23 0.668252 0.897955 0.506252 0.054697
3 0.300894 0.273001 0.235402 0.014269
14 0.637550 0.723655 0.253250 0.014269
34 0.631966 0.274190 0.215193 0.014269
4 0.699217 0.042324 0.228686 0.014269
5 0.310971 0.796426 0.450514 0.031391
19 0.172020 0.175736 0.330595 0.031391
21 0.616837 0.670148 0.211825 0.014269
13 0.629724 0.696307 0.237600 0.014269
25 0.159677 0.040233 0.124397 0.021403
11 0.075630 0.267539 0.151261 0.107015