0 0.442017 0.393710 0.867227 0.085612
23 0.268252 0.840880 0.506252 0.054697
3 0.713761 0.658257 0.160296 0.014269
34 0.745694 0.685605 0.220800 0.014269
4 0.732259 0.094642 0.220820 0.014269
5 0.240383 0.648982 0.450514 0.031391
30 0.216306 0.717234 0.405721 0.065636
19 0.184941 0.085368 0.349714 0.031391
21 0.781546 0.472764 0.265613 0.014269
25 0.718504 0.050935 0.193311 0.021403
8 0.815434 0.499415 0.333388 0.016647
9 0.706471 0.582395 0.428067 0.031391
11 0.731092 0.184304 0.151261 0.107015