0 0.433613 0.561368 0.840336 0.064209
23 0.266571 0.788561 0.506252 0.054697
3 0.463351 0.163608 0.170400 0.014269
14 0.608978 0.639232 0.253250 0.014269
34 0.493032 0.183822 0.223039 0.014269
4 0.507620 0.143394 0.258938 0.014269
5 0.335617 0.937686 0.338461 0.014269
6 0.628373 0.963846 0.255066 0.014269
21 0.611234 0.660635 0.254400 0.014269
13 0.622440 0.683227 0.280175 0.014269
25 0.254639 0.067582 0.193311 0.021403
8 0.579855 0.741491 0.195005 0.014269
11 0.075630 0.053508 0.151261 0.107015