0 0.468908 0.542343 0.840336 0.064209
2 0.641472 0.162419 0.361936 0.099881
23 0.668252 0.897955 0.506252 0.054697
3 0.266145 0.273001 0.165903 0.014269
14 0.643156 0.723655 0.264464 0.014269
34 0.635324 0.274190 0.221909 0.014269
4 0.699761 0.042324 0.229775 0.014269
5 0.217946 0.787865 0.264464 0.014269
19 0.172020 0.175736 0.330595 0.031391
21 0.638124 0.670148 0.254400 0.014269
13 0.651012 0.696307 0.280175 0.014269
25 0.268071 0.040233 0.341183 0.021403
11 0.075630 0.267539 0.151261 0.107015