0 0.512605 0.520940 0.890756 0.107015
15 0.189780 0.245526 0.245106 0.107253
3 0.454380 0.130314 0.165903 0.014269
34 0.787711 0.131503 0.220800 0.014269
4 0.202306 0.129125 0.273519 0.014269
5 0.233096 0.924607 0.338461 0.014269
30 0.244881 0.852787 0.358669 0.065636
19 0.722746 0.270861 0.289190 0.031391
7 0.795798 0.214031 0.132773 0.011891
21 0.708713 0.633287 0.254400 0.014269
13 0.723281 0.677282 0.280175 0.014269
25 0.168924 0.050935 0.193311 0.021403
8 0.679015 0.771218 0.195005 0.014269
11 0.924370 0.053508 0.151261 0.107015