0 0.512605 0.485268 0.890756 0.178359
15 0.210846 0.245526 0.287239 0.107253
3 0.492487 0.130314 0.242118 0.014269
34 0.788830 0.131503 0.223039 0.014269
4 0.165308 0.129125 0.199523 0.014269
5 0.289123 0.933168 0.450514 0.031391
30 0.244881 0.852787 0.358669 0.065636
19 0.722746 0.270861 0.289190 0.031391
7 0.795798 0.214031 0.132773 0.011891
21 0.693032 0.633287 0.223039 0.014269
13 0.701993 0.677282 0.237600 0.014269
25 0.134467 0.050935 0.124397 0.021403
8 0.663334 0.771218 0.163644 0.014269
11 0.924370 0.053508 0.151261 0.107015