0 0.499160 0.626766 0.924370 0.064209
2 0.187180 0.293215 0.303771 0.099881
3 0.132255 0.432336 0.167032 0.014269
34 0.769782 0.432336 0.215193 0.014269
29 0.184343 0.393097 0.264484 0.014269
4 0.794444 0.143394 0.190568 0.014269
19 0.192760 0.078233 0.318292 0.031391
7 0.155462 0.042806 0.243697 0.014269
21 0.788830 0.765273 0.223039 0.014269
25 0.596652 0.049746 0.124397 0.021403
8 0.765388 0.873969 0.283718 0.016647
24 0.159153 0.155284 0.254440 0.014269
31 0.758575 0.821158 0.169250 0.014269
11 0.924370 0.053508 0.151261 0.107015