0 0.473950 0.252212 0.907563 0.128419
15 0.529324 0.125431 0.305708 0.107253
23 0.244975 0.392604 0.469782 0.026159
3 0.837587 0.100588 0.239879 0.014269
14 0.722148 0.419256 0.264464 0.014269
34 0.830282 0.125558 0.221909 0.014269
5 0.177634 0.483465 0.338461 0.014269
30 0.188306 0.748150 0.363166 0.065636
19 0.161408 0.132930 0.306010 0.031391
6 0.449650 0.910338 0.327872 0.014269
7 0.087395 0.077883 0.157983 0.013080
21 0.708723 0.389529 0.234252 0.014269
13 0.714323 0.451361 0.248813 0.014269
25 0.748756 0.016452 0.193311 0.021403
8 0.677345 0.481087 0.174857 0.014269
9 0.773701 0.520564 0.431435 0.031391
11 0.731092 0.909631 0.151261 0.107015