0 0.468908 0.542343 0.840336 0.064209
2 0.646524 0.162419 0.372040 0.099881
23 0.650017 0.883686 0.469782 0.026159
3 0.263341 0.273001 0.160296 0.014269
14 0.631943 0.723655 0.242037 0.014269
34 0.635889 0.274190 0.223039 0.014269
4 0.695284 0.042324 0.220820 0.014269
5 0.217946 0.787865 0.264464 0.014269
19 0.172020 0.175736 0.330595 0.031391
21 0.638124 0.670148 0.254400 0.014269
13 0.651012 0.696307 0.280175 0.014269
25 0.194134 0.040233 0.193311 0.021403
11 0.075630 0.267539 0.151261 0.107015