0 0.512605 0.467432 0.890756 0.214031
15 0.203636 0.245526 0.272818 0.107253
3 0.491368 0.130314 0.239879 0.014269
34 0.784908 0.131503 0.215193 0.014269
4 0.187724 0.129125 0.244356 0.014269
5 0.272303 0.933168 0.416874 0.031391
30 0.244881 0.852787 0.358669 0.065636
19 0.722746 0.270861 0.289190 0.031391
7 0.795798 0.214031 0.132773 0.011891
21 0.714319 0.633287 0.265613 0.014269
13 0.723281 0.677282 0.280175 0.014269
25 0.134467 0.050935 0.124397 0.021403
8 0.684622 0.771218 0.206218 0.014269
11 0.924370 0.053508 0.151261 0.107015