0 0.442017 0.383009 0.867227 0.107015
23 0.250017 0.826611 0.469782 0.026159
3 0.718803 0.658257 0.170380 0.014269
34 0.746249 0.685605 0.221909 0.014269
4 0.751318 0.094642 0.258938 0.014269
5 0.147358 0.640421 0.264464 0.014269
30 0.201180 0.717234 0.375469 0.065636
19 0.184941 0.085368 0.349714 0.031391
21 0.775939 0.472764 0.254400 0.014269
25 0.718504 0.050935 0.193311 0.021403
8 0.808892 0.499415 0.320306 0.016647
9 0.663331 0.582395 0.341788 0.031391
11 0.731092 0.184304 0.151261 0.107015