0 0.467227 0.549477 0.924370 0.064209
3 0.703677 0.089886 0.160296 0.014269
14 0.596097 0.646366 0.264464 0.014269
34 0.735600 0.119613 0.220780 0.014269
4 0.733939 0.056592 0.220820 0.014269
19 0.290235 0.190005 0.284672 0.031391
7 0.325210 0.139120 0.344538 0.014269
21 0.751855 0.628531 0.223039 0.014269
13 0.589953 0.665391 0.248813 0.014269
25 0.829429 0.016452 0.193311 0.021403
8 0.549049 0.741491 0.163644 0.014269
27 0.726207 0.362054 0.312918 0.107253
33 0.774403 0.149483 0.298387 0.017836
11 0.210084 0.065398 0.151261 0.107015