0 0.485714 0.612497 0.907563 0.107015
15 0.146371 0.319248 0.269213 0.107253
3 0.532255 0.377639 0.167032 0.014269
14 0.668931 0.791432 0.275677 0.014269
34 0.560813 0.410932 0.224148 0.014269
4 0.585503 0.318186 0.266803 0.014269
19 0.191103 0.099636 0.351953 0.031391
6 0.497284 0.125558 0.288686 0.014269
18 0.521008 0.160523 0.336134 0.014269
21 0.656612 0.746248 0.254400 0.014269
13 0.669499 0.835427 0.280175 0.014269
25 0.126908 0.028343 0.193311 0.021403
8 0.626914 0.879422 0.195005 0.014269
11 0.924370 0.053508 0.151261 0.107015