0 0.442017 0.393710 0.867227 0.085612
23 0.268252 0.840880 0.506252 0.054697
3 0.719923 0.658257 0.172618 0.014269
34 0.745129 0.685605 0.219671 0.014269
4 0.744027 0.094642 0.244356 0.014269
5 0.147358 0.640421 0.264464 0.014269
30 0.197812 0.717234 0.368733 0.065636
19 0.184941 0.085368 0.349714 0.031391
21 0.775939 0.472764 0.254400 0.014269
25 0.684047 0.050935 0.124397 0.021403
8 0.808892 0.499415 0.320306 0.016647
9 0.673970 0.582395 0.363066 0.031391
11 0.731092 0.184304 0.151261 0.107015