0 0.442017 0.393710 0.867227 0.085612
23 0.250017 0.826611 0.469782 0.026159
3 0.751879 0.658257 0.236531 0.014269
34 0.745694 0.685605 0.220800 0.014269
4 0.736192 0.094642 0.228686 0.014269
5 0.147358 0.640421 0.264464 0.014269
30 0.205113 0.717234 0.383334 0.065636
19 0.184941 0.085368 0.349714 0.031391
21 0.760259 0.472764 0.223039 0.014269
25 0.684047 0.050935 0.124397 0.021403
8 0.790598 0.499415 0.283718 0.016647
9 0.691334 0.582395 0.397795 0.031391
11 0.731092 0.184304 0.151261 0.107015