0 0.468908 0.542343 0.840336 0.064209
2 0.591627 0.162419 0.262245 0.099881
23 0.650017 0.883686 0.469782 0.026159
3 0.298091 0.273001 0.229795 0.014269
14 0.643156 0.723655 0.264464 0.014269
34 0.636998 0.274190 0.225257 0.014269
4 0.695284 0.042324 0.220820 0.014269
5 0.226921 0.787865 0.282413 0.014269
19 0.172020 0.175736 0.330595 0.031391
21 0.622444 0.670148 0.223039 0.014269
13 0.635331 0.696307 0.248813 0.014269
25 0.159677 0.040233 0.124397 0.021403
11 0.075630 0.267539 0.151261 0.107015