0 0.489076 0.499537 0.907563 0.085612
2 0.197015 0.177877 0.326803 0.099881
3 0.745139 0.138638 0.169271 0.014269
4 0.776524 0.157663 0.235402 0.014269
5 0.245412 0.953382 0.416874 0.031391
30 0.249923 0.741016 0.419173 0.065636
19 0.495304 0.078233 0.362037 0.031391
6 0.542094 0.117234 0.274104 0.014269
21 0.658854 0.707009 0.211825 0.014269
13 0.673422 0.774785 0.237600 0.014269
25 0.624373 0.016452 0.341183 0.021403
8 0.630837 0.809268 0.152430 0.014269
9 0.186003 0.839232 0.284612 0.031391
31 0.631960 0.727223 0.158037 0.014269
11 0.126050 0.065398 0.151261 0.107015