0 0.477311 0.605363 0.907563 0.085612
2 0.184370 0.296783 0.321681 0.099881
3 0.621906 0.061349 0.238770 0.014269
34 0.615160 0.082752 0.225277 0.014269
4 0.621903 0.043513 0.235402 0.014269
5 0.253829 0.880849 0.450514 0.031391
30 0.219667 0.730314 0.385553 0.065636
19 0.172040 0.165035 0.290299 0.031391
6 0.348820 0.192145 0.297640 0.014269
7 0.085714 0.128419 0.114286 0.014269
18 0.126891 0.208086 0.206723 0.014269
21 0.710955 0.699874 0.211825 0.014269
8 0.740360 0.769332 0.270635 0.016647
9 0.166968 0.821396 0.280155 0.031391
26 0.678454 0.739113 0.146824 0.014269
11 0.109244 0.059453 0.151261 0.107015