0 0.512605 0.467432 0.890756 0.214031
15 0.218537 0.245526 0.302620 0.107253
3 0.489694 0.130314 0.236531 0.014269
34 0.788830 0.131503 0.223039 0.014269
4 0.165308 0.129125 0.199523 0.014269
5 0.205072 0.924607 0.282413 0.014269
30 0.244881 0.852787 0.358669 0.065636
19 0.722746 0.270861 0.289190 0.031391
7 0.795798 0.214031 0.132773 0.011891
21 0.693032 0.633287 0.223039 0.014269
13 0.707600 0.677282 0.248813 0.014269
25 0.134467 0.050935 0.124397 0.021403
8 0.663334 0.771218 0.163644 0.014269
11 0.924370 0.053508 0.151261 0.107015