0 0.433613 0.550666 0.840336 0.085612
23 0.266571 0.788561 0.506252 0.054697
3 0.498091 0.163608 0.239879 0.014269
14 0.614585 0.639232 0.264464 0.014269
34 0.491913 0.183822 0.220800 0.014269
4 0.507620 0.143394 0.258938 0.014269
5 0.391644 0.946248 0.450514 0.031391
6 0.628373 0.963846 0.255066 0.014269
21 0.595553 0.660635 0.223039 0.014269
13 0.606760 0.683227 0.248813 0.014269
25 0.328575 0.067582 0.341183 0.021403
8 0.564175 0.741491 0.163644 0.014269
11 0.075630 0.053508 0.151261 0.107015