0 0.468908 0.520940 0.840336 0.107015
2 0.608205 0.162419 0.295402 0.099881
23 0.650017 0.883686 0.469782 0.026159
3 0.298091 0.273001 0.229795 0.014269
14 0.648763 0.723655 0.275677 0.014269
34 0.636998 0.274190 0.225257 0.014269
4 0.699761 0.042324 0.229775 0.014269
5 0.217946 0.787865 0.264464 0.014269
19 0.172020 0.175736 0.330595 0.031391
21 0.638124 0.670148 0.254400 0.014269
13 0.651012 0.696307 0.280175 0.014269
25 0.159677 0.040233 0.124397 0.021403
11 0.075630 0.267539 0.151261 0.107015