0 0.433613 0.561368 0.840336 0.064209
23 0.266571 0.788561 0.506252 0.054697
3 0.463341 0.163608 0.170380 0.014269
14 0.608978 0.639232 0.253250 0.014269
34 0.493032 0.183822 0.223039 0.014269
4 0.496971 0.143394 0.237640 0.014269
5 0.335617 0.937686 0.338461 0.014269
6 0.628373 0.963846 0.255066 0.014269
21 0.605627 0.660635 0.243187 0.014269
13 0.616834 0.683227 0.268961 0.014269
25 0.328575 0.067582 0.341183 0.021403
8 0.574249 0.741491 0.183792 0.014269
11 0.075630 0.053508 0.151261 0.107015