0 0.473950 0.579204 0.924370 0.064209
2 0.699775 0.205225 0.283583 0.099881
3 0.518242 0.319375 0.172618 0.014269
34 0.539529 0.283703 0.215193 0.014269
29 0.834215 0.296783 0.249943 0.014269
4 0.538982 0.375261 0.220820 0.014269
19 0.159150 0.207841 0.311576 0.031391
7 0.112605 0.167658 0.215126 0.014269
21 0.793872 0.673715 0.223039 0.014269
13 0.799472 0.780730 0.237600 0.014269
25 0.172272 0.067582 0.341183 0.021403
8 0.764175 0.833049 0.163644 0.014269
9 0.179845 0.892740 0.356329 0.031391
24 0.133388 0.296783 0.263415 0.014269
11 0.428571 0.196195 0.151261 0.107015