0 0.442017 0.372307 0.867227 0.128419
23 0.268252 0.840880 0.506252 0.054697
3 0.751879 0.658257 0.236531 0.014269
34 0.746249 0.685605 0.221909 0.014269
4 0.736736 0.094642 0.229775 0.014269
5 0.184356 0.640421 0.338461 0.014269
30 0.205113 0.717234 0.383334 0.065636
19 0.184941 0.085368 0.349714 0.031391
21 0.765866 0.472764 0.234252 0.014269
25 0.684047 0.050935 0.124397 0.021403
8 0.797139 0.499415 0.296800 0.016647
9 0.720477 0.582395 0.456081 0.031391
11 0.731092 0.184304 0.151261 0.107015