0 0.499160 0.594661 0.924370 0.128419
2 0.201711 0.293215 0.332834 0.099881
3 0.167005 0.432336 0.236531 0.014269
34 0.773704 0.432336 0.223039 0.014269
29 0.184343 0.393097 0.264484 0.014269
4 0.814047 0.143394 0.229775 0.014269
19 0.192760 0.078233 0.318292 0.031391
7 0.155462 0.042806 0.243697 0.014269
21 0.804511 0.765273 0.254400 0.014269
25 0.596652 0.049746 0.124397 0.021403
8 0.783682 0.873969 0.320306 0.016647
24 0.159153 0.155284 0.254440 0.014269
31 0.764182 0.821158 0.180464 0.014269
11 0.924370 0.053508 0.151261 0.107015