0 0.442017 0.404412 0.867227 0.064209
23 0.268252 0.840880 0.506252 0.054697
3 0.752988 0.658257 0.238750 0.014269
34 0.747368 0.685605 0.224148 0.014269
4 0.717133 0.094642 0.190568 0.014269
5 0.223563 0.648982 0.416874 0.031391
30 0.187728 0.717234 0.348565 0.065636
19 0.184941 0.085368 0.349714 0.031391
21 0.770333 0.472764 0.243187 0.014269
25 0.792440 0.050935 0.341183 0.021403
8 0.802351 0.499415 0.307224 0.016647
9 0.625798 0.582395 0.266723 0.031391
11 0.731092 0.184304 0.151261 0.107015