0 0.473950 0.579204 0.924370 0.064209
2 0.715213 0.205225 0.314461 0.099881
3 0.550198 0.319375 0.236531 0.014269
34 0.542887 0.283703 0.221909 0.014269
29 0.834215 0.296783 0.249943 0.014269
4 0.558040 0.375261 0.258938 0.014269
19 0.159150 0.207841 0.311576 0.031391
7 0.112605 0.167658 0.215126 0.014269
21 0.803946 0.673715 0.243187 0.014269
13 0.815153 0.780730 0.268961 0.014269
25 0.063879 0.067582 0.124397 0.021403
8 0.774249 0.833049 0.183792 0.014269
9 0.136151 0.892740 0.268941 0.031391
24 0.133388 0.296783 0.263415 0.014269
11 0.428571 0.196195 0.151261 0.107015