0 0.473950 0.273615 0.907563 0.085612
15 0.533641 0.125431 0.314341 0.107253
23 0.263210 0.406873 0.506252 0.054697
3 0.801163 0.100588 0.167032 0.014269
14 0.722148 0.419256 0.264464 0.014269
34 0.831402 0.125558 0.224148 0.014269
5 0.216840 0.492026 0.416874 0.031391
30 0.206225 0.748150 0.399005 0.065636
19 0.161408 0.132930 0.306010 0.031391
6 0.449650 0.910338 0.327872 0.014269
7 0.087395 0.077883 0.157983 0.013080
21 0.703116 0.389529 0.223039 0.014269
13 0.714323 0.451361 0.248813 0.014269
25 0.714299 0.016452 0.124397 0.021403
8 0.671738 0.481087 0.163644 0.014269
9 0.742874 0.520564 0.369782 0.031391
11 0.731092 0.909631 0.151261 0.107015