0 0.473950 0.252212 0.907563 0.128419
15 0.533955 0.125431 0.314970 0.107253
23 0.263210 0.406873 0.506252 0.054697
3 0.837022 0.100588 0.238750 0.014269
14 0.727755 0.419256 0.275677 0.014269
34 0.830282 0.125558 0.221909 0.014269
5 0.177634 0.483465 0.338461 0.014269
30 0.206225 0.748150 0.399005 0.065636
19 0.161408 0.132930 0.306010 0.031391
6 0.449650 0.910338 0.327872 0.014269
7 0.087395 0.077883 0.157983 0.013080
21 0.703116 0.389529 0.223039 0.014269
13 0.714323 0.451361 0.248813 0.014269
25 0.714299 0.016452 0.124397 0.021403
8 0.671738 0.481087 0.163644 0.014269
9 0.735593 0.520564 0.355220 0.031391
11 0.731092 0.909631 0.151261 0.107015