0 0.462185 0.612497 0.924370 0.085612
2 0.189398 0.220683 0.378797 0.099881
27 0.150421 0.340651 0.297481 0.107253
23 0.236571 0.896766 0.469782 0.026159
3 0.856081 0.160041 0.236531 0.014269
34 0.849896 0.224250 0.220800 0.014269
4 0.541802 0.163608 0.273519 0.014269
30 0.212948 0.818305 0.419173 0.065636
19 0.133943 0.075855 0.254440 0.031391
6 0.558326 0.108911 0.283039 0.014269
7 0.132773 0.032105 0.255462 0.014269
18 0.582353 0.087990 0.331092 0.014269
21 0.839250 0.678471 0.223039 0.014269
8 0.678461 0.716521 0.163644 0.014269
9 0.382108 0.750053 0.364215 0.031391
24 0.139533 0.135070 0.268982 0.014269
11 0.924370 0.053508 0.151261 0.107015