0 0.470588 0.396088 0.867227 0.085612
2 0.680729 0.196902 0.309358 0.099881
23 0.273546 0.767158 0.469782 0.026159
3 0.144588 0.091075 0.242118 0.014269
14 0.714309 0.516759 0.275677 0.014269
34 0.136165 0.113667 0.221909 0.014269
4 0.141234 0.069672 0.228686 0.014269
5 0.178182 0.691551 0.282413 0.014269
30 0.238155 0.524607 0.395637 0.065636
19 0.220776 0.200707 0.317183 0.031391
7 0.148739 0.174792 0.173109 0.014269
21 0.703671 0.489410 0.254400 0.014269
13 0.716558 0.541729 0.280175 0.014269
25 0.089089 0.024776 0.124397 0.021403
8 0.673973 0.638043 0.195005 0.014269
9 0.700857 0.694167 0.349613 0.031391
11 0.924370 0.053508 0.151261 0.107015