0 0.445378 0.531641 0.867227 0.064209
2 0.196655 0.201658 0.299193 0.099881
3 0.823587 0.055403 0.238770 0.014269
4 0.803963 0.076806 0.199523 0.014269
5 0.262232 0.795237 0.450514 0.031391
17 0.769297 0.094991 0.133553 0.013080
19 0.588279 0.874904 0.275718 0.031391
6 0.660303 0.944821 0.271866 0.014269
7 0.096639 0.927467 0.126050 0.014269
21 0.397234 0.617829 0.223039 0.014269
13 0.410121 0.639232 0.248813 0.014269
8 0.427573 0.662317 0.283718 0.016647
9 0.489106 0.694167 0.403422 0.031391
11 0.596639 0.101070 0.151261 0.107015