0 0.433613 0.550666 0.840336 0.085612
23 0.248336 0.774293 0.469782 0.026159
3 0.498101 0.163608 0.239899 0.014269
14 0.608978 0.639232 0.253250 0.014269
34 0.493032 0.183822 0.223039 0.014269
4 0.477913 0.143394 0.199523 0.014269
5 0.298618 0.937686 0.264464 0.014269
6 0.628373 0.963846 0.255066 0.014269
21 0.595553 0.660635 0.223039 0.014269
13 0.606760 0.683227 0.248813 0.014269
25 0.328575 0.067582 0.341183 0.021403
8 0.564175 0.741491 0.163644 0.014269
11 0.075630 0.053508 0.151261 0.107015