0 0.468908 0.531641 0.840336 0.085612
2 0.617160 0.162419 0.313311 0.099881
23 0.668252 0.897955 0.506252 0.054697
3 0.269503 0.273001 0.172618 0.014269
14 0.648763 0.723655 0.275677 0.014269
34 0.637008 0.274190 0.225277 0.014269
4 0.721634 0.042324 0.273519 0.014269
5 0.226921 0.787865 0.282413 0.014269
19 0.172020 0.175736 0.330595 0.031391
21 0.622444 0.670148 0.223039 0.014269
13 0.635331 0.696307 0.248813 0.014269
25 0.194134 0.040233 0.193311 0.021403
11 0.075630 0.267539 0.151261 0.107015