0 0.470588 0.385387 0.867227 0.107015
2 0.691358 0.196902 0.330615 0.099881
23 0.273546 0.767158 0.469782 0.026159
3 0.143469 0.091075 0.239879 0.014269
14 0.714309 0.516759 0.275677 0.014269
34 0.132807 0.113667 0.215193 0.014269
4 0.141234 0.069672 0.228686 0.014269
5 0.245412 0.700112 0.416874 0.031391
30 0.214618 0.524607 0.348565 0.065636
19 0.220776 0.200707 0.317183 0.031391
7 0.148739 0.174792 0.173109 0.014269
21 0.709277 0.489410 0.265613 0.014269
13 0.716558 0.541729 0.280175 0.014269
25 0.123546 0.024776 0.193311 0.021403
8 0.679580 0.638043 0.206218 0.014269
9 0.681254 0.694167 0.310407 0.031391
11 0.924370 0.053508 0.151261 0.107015