0 0.489076 0.478133 0.907563 0.128419
2 0.184108 0.177877 0.300988 0.099881
3 0.775402 0.138638 0.229795 0.014269
4 0.777644 0.157663 0.237640 0.014269
5 0.178182 0.944821 0.282413 0.014269
30 0.243197 0.741016 0.405721 0.065636
19 0.495304 0.078233 0.362037 0.031391
6 0.542094 0.117234 0.274104 0.014269
21 0.670067 0.707009 0.234252 0.014269
13 0.679029 0.774785 0.248813 0.014269
25 0.624373 0.016452 0.341183 0.021403
8 0.642050 0.809268 0.174857 0.014269
9 0.278464 0.839232 0.469533 0.031391
31 0.643173 0.727223 0.180464 0.014269
11 0.126050 0.065398 0.151261 0.107015