0 0.485714 0.601796 0.907563 0.128419
15 0.155883 0.319248 0.288237 0.107253
3 0.567005 0.377639 0.236531 0.014269
14 0.668931 0.791432 0.275677 0.014269
34 0.560259 0.410932 0.223039 0.014269
4 0.588861 0.318186 0.273519 0.014269
19 0.191103 0.099636 0.351953 0.031391
6 0.497284 0.125558 0.288686 0.014269
18 0.521008 0.160523 0.336134 0.014269
21 0.646538 0.746248 0.234252 0.014269
13 0.653818 0.835427 0.248813 0.014269
25 0.200844 0.028343 0.341183 0.021403
8 0.616840 0.879422 0.174857 0.014269
11 0.924370 0.053508 0.151261 0.107015