0 0.477311 0.616064 0.907563 0.064209
2 0.165069 0.296783 0.283079 0.099881
3 0.582669 0.061349 0.160296 0.014269
34 0.614040 0.082752 0.223039 0.014269
4 0.623022 0.043513 0.237640 0.014269
5 0.160803 0.872288 0.264464 0.014269
30 0.208474 0.730314 0.363166 0.065636
19 0.172040 0.165035 0.290299 0.031391
6 0.348820 0.192145 0.297640 0.014269
7 0.085714 0.128419 0.114286 0.014269
18 0.126891 0.208086 0.206723 0.014269
21 0.716561 0.699874 0.223039 0.014269
8 0.746901 0.769332 0.283718 0.016647
9 0.216259 0.821396 0.378736 0.031391
26 0.684061 0.739113 0.158037 0.014269
11 0.109244 0.059453 0.151261 0.107015