0 0.473950 0.262913 0.907563 0.107015
15 0.499523 0.125431 0.246104 0.107253
23 0.263210 0.406873 0.506252 0.054697
3 0.835348 0.100588 0.235402 0.014269
14 0.727755 0.419256 0.275677 0.014269
34 0.829163 0.125558 0.219671 0.014269
5 0.149610 0.483465 0.282413 0.014269
30 0.199499 0.748150 0.385553 0.065636
19 0.161408 0.132930 0.306010 0.031391
6 0.449650 0.910338 0.327872 0.014269
7 0.087395 0.077883 0.157983 0.013080
21 0.718797 0.389529 0.254400 0.014269
13 0.730003 0.451361 0.280175 0.014269
25 0.822692 0.016452 0.341183 0.021403
8 0.687418 0.481087 0.195005 0.014269
9 0.738951 0.520564 0.361936 0.031391
11 0.731092 0.909631 0.151261 0.107015