0 0.433613 0.529263 0.840336 0.128419
23 0.266571 0.788561 0.506252 0.054697
3 0.461103 0.163608 0.165903 0.014269
14 0.614585 0.639232 0.264464 0.014269
34 0.492467 0.183822 0.221909 0.014269
4 0.477913 0.143394 0.199523 0.014269
5 0.374824 0.946248 0.416874 0.031391
6 0.628373 0.963846 0.255066 0.014269
21 0.616840 0.660635 0.265613 0.014269
13 0.622440 0.683227 0.280175 0.014269
25 0.328575 0.067582 0.341183 0.021403
8 0.585462 0.741491 0.206218 0.014269
11 0.075630 0.053508 0.151261 0.107015