0 0.473950 0.273615 0.907563 0.085612
15 0.511863 0.125431 0.270785 0.107253
23 0.244975 0.392604 0.469782 0.026159
3 0.800598 0.100588 0.165903 0.014269
14 0.727755 0.419256 0.275677 0.014269
34 0.829718 0.125558 0.220780 0.014269
5 0.149610 0.483465 0.282413 0.014269
30 0.194457 0.748150 0.375469 0.065636
19 0.161408 0.132930 0.306010 0.031391
6 0.449650 0.910338 0.327872 0.014269
7 0.087395 0.077883 0.157983 0.013080
21 0.703116 0.389529 0.223039 0.014269
13 0.714323 0.451361 0.248813 0.014269
25 0.748756 0.016452 0.193311 0.021403
8 0.671738 0.481087 0.163644 0.014269
9 0.754087 0.520564 0.392208 0.031391
11 0.731092 0.909631 0.151261 0.107015