0 0.442017 0.404412 0.867227 0.064209
23 0.250017 0.826611 0.469782 0.026159
3 0.753553 0.658257 0.239879 0.014269
34 0.747368 0.685605 0.224148 0.014269
4 0.751318 0.094642 0.258938 0.014269
5 0.240383 0.648982 0.450514 0.031391
30 0.212948 0.717234 0.399005 0.065636
19 0.184941 0.085368 0.349714 0.031391
21 0.775939 0.472764 0.254400 0.014269
25 0.792440 0.050935 0.341183 0.021403
8 0.808892 0.499415 0.320306 0.016647
9 0.683489 0.582395 0.382104 0.031391
11 0.731092 0.184304 0.151261 0.107015