0 0.467227 0.528074 0.924370 0.107015
3 0.744588 0.089886 0.242118 0.014269
14 0.596097 0.646366 0.264464 0.014269
34 0.732807 0.119613 0.215193 0.014269
4 0.752998 0.056592 0.258938 0.014269
19 0.290235 0.190005 0.284672 0.031391
7 0.325210 0.139120 0.344538 0.014269
21 0.767536 0.628531 0.254400 0.014269
13 0.605634 0.665391 0.280175 0.014269
25 0.794971 0.016452 0.124397 0.021403
8 0.564729 0.741491 0.195005 0.014269
27 0.712008 0.362054 0.284521 0.107253
33 0.794004 0.149483 0.337588 0.017836
11 0.210084 0.065398 0.151261 0.107015