0 0.462185 0.591094 0.924370 0.128419
2 0.151069 0.220683 0.302138 0.099881
27 0.157834 0.340651 0.312308 0.107253
23 0.236571 0.896766 0.469782 0.026159
3 0.817963 0.160041 0.160296 0.014269
34 0.849331 0.224250 0.219671 0.014269
4 0.541802 0.163608 0.273519 0.014269
30 0.202864 0.818305 0.399005 0.065636
19 0.133943 0.075855 0.254440 0.031391
6 0.558326 0.108911 0.283039 0.014269
7 0.132773 0.032105 0.255462 0.014269
18 0.582353 0.087990 0.331092 0.014269
21 0.854931 0.678471 0.254400 0.014269
8 0.694141 0.716521 0.195005 0.014269
9 0.377055 0.750053 0.354111 0.031391
24 0.139533 0.135070 0.268982 0.014269
11 0.924370 0.053508 0.151261 0.107015