0 0.473950 0.284317 0.907563 0.064209
15 0.515708 0.125431 0.278476 0.107253
23 0.263210 0.406873 0.506252 0.054697
3 0.835348 0.100588 0.235402 0.014269
14 0.722148 0.419256 0.264464 0.014269
34 0.830847 0.125558 0.223039 0.014269
5 0.216840 0.492026 0.416874 0.031391
30 0.188306 0.748150 0.363166 0.065636
19 0.161408 0.132930 0.306010 0.031391
6 0.449650 0.910338 0.327872 0.014269
7 0.087395 0.077883 0.157983 0.013080
21 0.718797 0.389529 0.254400 0.014269
13 0.730003 0.451361 0.280175 0.014269
25 0.822692 0.016452 0.341183 0.021403
8 0.687418 0.481087 0.195005 0.014269
9 0.745687 0.520564 0.375408 0.031391
11 0.731092 0.909631 0.151261 0.107015