0 0.477311 0.594661 0.907563 0.107015
2 0.173146 0.296783 0.299234 0.099881
3 0.586037 0.061349 0.167032 0.014269
34 0.610118 0.082752 0.215193 0.014269
4 0.618545 0.043513 0.228686 0.014269
5 0.197802 0.872288 0.338461 0.014269
30 0.208474 0.730314 0.363166 0.065636
19 0.172040 0.165035 0.290299 0.031391
6 0.348820 0.192145 0.297640 0.014269
7 0.085714 0.128419 0.114286 0.014269
18 0.126891 0.208086 0.206723 0.014269
21 0.732242 0.699874 0.254400 0.014269
8 0.765195 0.769332 0.320306 0.016647
9 0.208998 0.821396 0.364215 0.031391
26 0.684061 0.739113 0.158037 0.014269
11 0.109244 0.059453 0.151261 0.107015