0 0.445378 0.499537 0.867227 0.128419
2 0.195314 0.201658 0.296511 0.099881
3 0.789392 0.055403 0.170380 0.014269
4 0.818545 0.076806 0.228686 0.014269
5 0.245412 0.795237 0.416874 0.031391
17 0.769297 0.094991 0.133553 0.013080
19 0.588279 0.874904 0.275718 0.031391
6 0.660303 0.944821 0.271866 0.014269
7 0.096639 0.927467 0.126050 0.014269
21 0.402840 0.617829 0.234252 0.014269
13 0.410121 0.639232 0.248813 0.014269
8 0.434114 0.662317 0.296800 0.016647
9 0.503667 0.694167 0.432545 0.031391
11 0.596639 0.101070 0.151261 0.107015