0 0.442017 0.393710 0.867227 0.085612
23 0.250017 0.826611 0.469782 0.026159
3 0.717129 0.658257 0.167032 0.014269
34 0.747923 0.685605 0.225257 0.014269
4 0.721610 0.094642 0.199523 0.014269
5 0.223563 0.648982 0.416874 0.031391
30 0.195029 0.717234 0.363166 0.065636
19 0.184941 0.085368 0.349714 0.031391
21 0.775939 0.472764 0.254400 0.014269
25 0.718504 0.050935 0.193311 0.021403
8 0.808892 0.499415 0.320306 0.016647
9 0.657170 0.582395 0.329466 0.031391
11 0.731092 0.184304 0.151261 0.107015