0 0.499160 0.616064 0.924370 0.085612
2 0.186343 0.293215 0.302097 0.099881
3 0.133929 0.432336 0.170380 0.014269
34 0.773704 0.432336 0.223039 0.014269
29 0.184343 0.393097 0.264484 0.014269
4 0.816861 0.143394 0.235402 0.014269
19 0.192760 0.078233 0.318292 0.031391
7 0.155462 0.042806 0.243697 0.014269
21 0.783224 0.765273 0.211825 0.014269
25 0.631109 0.049746 0.193311 0.021403
8 0.758847 0.873969 0.270635 0.016647
24 0.159153 0.155284 0.254440 0.014269
31 0.758575 0.821158 0.169250 0.014269
11 0.924370 0.053508 0.151261 0.107015